"datetime","BC_370_nm","BC_470_nm","BC_520_nm","BC_590_nm","BC_660_nm","BC_880_nm","BC_950_nm","qc_flag_BC_370_nm","qc_flag_BC_470_nm","qc_flag_BC_520_nm","qc_flag_BC_590_nm","qc_flag_BC_660_nm","qc_flag_BC_880_nm","qc_flag_BC_950_nm"
2019-06-01,0.267816666666667,0.254766666666667,0.240266666666667,0.234416666666667,0.21835,0.218283333333333,0.218333333333333,"1b","1b","1b","1b","1b","1b","1b"
2019-06-01 01:00:00,0.208566666666667,0.198416666666667,0.188333333333333,0.182883333333333,0.173533333333333,0.166716666666667,0.169866666666667,"1b","1b","1b","1b","1b","1b","1b"
2019-06-01 02:00:00,0.185183333333333,0.1779,0.167916666666667,0.165816666666667,0.153633333333333,0.15445,0.153266666666667,"1b","1b","1b","1b","1b","1b","1b"
2019-06-01 03:00:00,0.168766666666667,0.161616666666667,0.153283333333333,0.15025,0.1441,0.13715,0.1417,"1b","1b","1b","1b","1b","1b","1b"
2019-06-01 04:00:00,0.19955,0.19325,0.184133333333333,0.1819,0.173366666666667,0.1658,0.170633333333333,"1b","1b","1b","1b","1b","1b","1b"
2019-06-01 05:00:00,0.29435,0.297333333333333,0.285233333333333,0.281716666666667,0.267566666666667,0.271133333333333,0.276616666666667,"1b","1b","1b","1b","1b","1b","1b"
2019-06-01 06:00:00,0.320066666666667,0.32735,0.314066666666667,0.311333333333333,0.295466666666667,0.305783333333333,0.306733333333333,"1b","1b","1b","1b","1b","1b","1b"
2019-06-01 07:00:00,0.448982142857143,0.361928571428571,0.344339285714286,0.341767857142857,0.324482142857143,0.318767857142857,0.32475,"1b","1b","1b","1b","1b","1b","1b"
2019-06-01 08:00:00,0.458866666666667,0.396116666666667,0.37055,0.364266666666667,0.348566666666667,0.341783333333333,0.3447,"1b","1b","1b","1b","1b","1b","1b"
2019-06-01 09:00:00,0.383283333333333,0.3572,0.3337,0.32615,0.313516666666667,0.30425,0.30885,"1b","1b","1b","1b","1b","1b","1b"
2019-06-01 10:00:00,0.313016666666667,0.295833333333333,0.2767,0.2707,0.260616666666667,0.24975,0.25435,"1b","1b","1b","1b","1b","1b","1b"
2019-06-01 11:00:00,0.318833333333333,0.310366666666667,0.29085,0.284033333333333,0.2722,0.26385,0.266866666666667,"1b","1b","1b","1b","1b","1b","1b"
2019-06-01 12:00:00,0.278833333333333,0.275783333333333,0.260316666666667,0.256583333333333,0.247616666666667,0.245491525423729,0.249406779661017,"1b","1b","1b","1b","1b","1b","1b"
2019-06-01 13:00:00,0.273066666666667,0.271066666666667,0.2562,0.252116666666667,0.24255,0.232633333333333,0.2365,"1b","1b","1b","1b","1b","1b","1b"
2019-06-01 14:00:00,0.247466666666667,0.245416666666667,0.230916666666667,0.226883333333333,0.217883333333333,0.213,0.216101694915254,"1b","1b","1b","1b","1b","1b","1b"
2019-06-01 15:00:00,0.299233333333333,0.299433333333333,0.282133333333333,0.276183333333333,0.264766666666667,0.25685,0.259416666666667,"1b","1b","1b","1b","1b","1b","1b"
2019-06-01 16:00:00,0.35515,0.35715,0.336716666666667,0.33075,0.315216666666667,0.307366666666667,0.308433333333333,"1b","1b","1b","1b","1b","1b","1b"
2019-06-01 17:00:00,0.386266666666667,0.383116666666667,0.361816666666667,0.354183333333333,0.337366666666667,0.329416666666667,0.328716666666667,"1b","1b","1b","1b","1b","1b","1b"
2019-06-01 18:00:00,0.5001,0.497966666666667,0.467283333333333,0.457566666666667,0.433233333333333,0.420266666666667,0.419833333333333,"1b","1b","1b","1b","1b","1b","1b"
2019-06-01 19:00:00,0.60195,0.581866666666667,0.543716666666667,0.529716666666667,0.50115,0.484266666666667,0.484116666666667,"1b","1b","1b","1b","1b","1b","1b"
2019-06-01 20:00:00,0.679383333333333,0.649383333333333,0.607016666666667,0.59095,0.5577,0.536366666666667,0.53715,"1b","1b","1b","1b","1b","1b","1b"
2019-06-01 21:00:00,0.761933333333333,0.738566666666667,0.692433333333333,0.676166666666667,0.638366666666667,0.61225,0.613783333333333,"1b","1b","1b","1b","1b","1b","1b"
2019-06-01 22:00:00,0.6898,0.666533333333333,0.62755,0.612966666666667,0.578133333333333,0.5567,0.55805,"1b","1b","1b","1b","1b","1b","1b"
2019-06-01 23:00:00,0.61855,0.597983333333333,0.564616666666667,0.553583333333333,0.52525,0.50935,0.513066666666667,"1b","1b","1b","1b","1b","1b","1b"
2019-06-02,0.610484848484849,0.456333333333333,0.430787878787879,0.425090909090909,0.405515151515151,0.37930303030303,0.392242424242424,"1b","1b","1b","1b","1b","1b","1b"
2019-06-02 01:00:00,0.509183333333333,0.4488,0.41775,0.406183333333333,0.3823,0.37735,0.3734,"1b","1b","1b","1b","1b","1b","1b"
2019-06-02 02:00:00,0.530366666666667,0.503033333333333,0.469816666666667,0.457633333333333,0.432116666666667,0.419866666666667,0.417666666666667,"1b","1b","1b","1b","1b","1b","1b"
2019-06-02 03:00:00,0.587416666666667,0.568316666666667,0.534483333333333,0.5228,0.49625,0.478666666666667,0.477716666666667,"1b","1b","1b","1b","1b","1b","1b"
2019-06-02 04:00:00,0.578883333333333,0.5641,0.530116666666667,0.5193,0.492016666666667,0.47345,0.471783333333333,"1b","1b","1b","1b","1b","1b","1b"
2019-06-02 05:00:00,0.558616666666667,0.545433333333333,0.514916666666667,0.5052,0.480116666666667,0.46235,0.462966666666667,"1b","1b","1b","1b","1b","1b","1b"
2019-06-02 06:00:00,0.612333333333333,0.608116666666667,0.577166666666667,0.568683333333333,0.54325,0.528516666666667,0.52935,"1b","1b","1b","1b","1b","1b","1b"
2019-06-02 07:00:00,0.480266666666667,0.479883333333333,0.4566,0.451083333333333,0.43185,0.421233333333333,0.42265,"1b","1b","1b","1b","1b","1b","1b"
2019-06-02 08:00:00,0.463166666666667,0.463566666666667,0.44375,0.440066666666667,0.421683333333333,0.4119,0.414816666666667,"1b","1b","1b","1b","1b","1b","1b"
2019-06-02 09:00:00,0.42955,0.433466666666667,0.415783333333333,0.413883333333333,0.396766666666667,0.390016666666667,0.393433333333333,"1b","1b","1b","1b","1b","1b","1b"
2019-06-02 10:00:00,0.459033333333333,0.4607,0.442416666666667,0.43955,0.422383333333333,0.421266666666667,0.4238,"1b","1b","1b","1b","1b","1b","1b"
2019-06-02 11:00:00,0.4456,0.4436,0.425966666666667,0.423183333333333,0.406366666666667,0.400783333333333,0.40625,"1b","1b","1b","1b","1b","1b","1b"
2019-06-02 12:00:00,0.56995,0.545183333333333,0.517083333333333,0.510333333333333,0.485583333333333,0.476233333333333,0.47955,"1b","1b","1b","1b","1b","1b","1b"
2019-06-02 13:00:00,0.444116666666667,0.440183333333333,0.4221,0.419166666666667,0.401416666666667,0.39725,0.401066666666667,"1b","1b","1b","1b","1b","1b","1b"
2019-06-02 14:00:00,0.358033333333333,0.35535,0.34075,0.338083333333333,0.323483333333333,0.322133333333333,0.325766666666667,"1b","1b","1b","1b","1b","1b","1b"
2019-06-02 15:00:00,0.3607,0.35645,0.3413,0.33885,0.323133333333333,0.3217,0.325733333333333,"1b","1b","1b","1b","1b","1b","1b"
2019-06-02 16:00:00,0.317266666666667,0.325216666666667,0.312966666666667,0.310983333333333,0.2973,0.295866666666667,0.2985,"1b","1b","1b","1b","1b","1b","1b"
2019-06-02 17:00:00,0.210574074074074,0.199982456140351,0.194732142857143,0.194563636363636,0.193339622641509,0.21106,0.224354166666667,"1b","1b","1b","1b","1b","1b","1b"
2019-06-02 18:00:00,0.2451,0.239116666666667,0.226333333333333,0.220883333333333,0.208483333333333,0.218561403508772,0.222298245614035,"1b","1b","1b","1b","1b","1b","1b"
2019-06-02 19:00:00,0.171583333333333,0.16965,0.162183333333333,0.160133333333333,0.151333333333333,0.162084745762712,0.16328813559322,"1b","1b","1b","1b","1b","1b","1b"
2019-06-02 20:00:00,0.266366666666667,0.260183333333333,0.248233333333333,0.246516666666667,0.232183333333333,0.242116666666667,0.242866666666667,"1b","1b","1b","1b","1b","1b","1b"
2019-06-02 21:00:00,0.241383333333333,0.233916666666667,0.223666666666667,0.220783333333333,0.210216666666667,0.211983333333333,0.214983333333333,"1b","1b","1b","1b","1b","1b","1b"
2019-06-02 22:00:00,0.28665,0.270416666666667,0.257283333333333,0.253333333333333,0.240366666666667,0.243166666666667,0.245916666666667,"1b","1b","1b","1b","1b","1b","1b"
2019-06-02 23:00:00,0.23315,0.223483333333333,0.213216666666667,0.210933333333333,0.19945,0.203733333333333,0.206633333333333,"1b","1b","1b","1b","1b","1b","1b"
2019-06-03,0.210783333333333,0.194183333333333,0.184183333333333,0.1822,0.173133333333333,0.17245,0.17595,"1b","1b","1b","1b","1b","1b","1b"
2019-06-03 01:00:00,0.146,0.13955,0.1345,0.13215,0.126483333333333,0.12815,0.129966666666667,"1b","1b","1b","1b","1b","1b","1b"
2019-06-03 02:00:00,0.10625,0.0968166666666667,0.09335,0.0928,0.0912666666666667,0.08555,0.0917627118644068,"1b","1b","1b","1b","1b","1b","1b"
2019-06-03 03:00:00,0.0850666666666667,0.0831,0.08025,0.0804833333333333,0.0768,0.08155,0.08245,"1b","1b","1b","1b","1b","1b","1b"
2019-06-03 04:00:00,0.111766666666667,0.1103,0.10625,0.106133333333333,0.101383333333333,0.102733333333333,0.104583333333333,"1b","1b","1b","1b","1b","1b","1b"
2019-06-03 05:00:00,0.241166666666667,0.2357,0.2279,0.226466666666667,0.216666666666667,0.220583333333333,0.22435,"1b","1b","1b","1b","1b","1b","1b"
2019-06-03 06:00:00,0.36635,0.37115,0.357,0.354983333333333,0.337933333333333,0.343733333333333,0.34915,"1b","1b","1b","1b","1b","1b","1b"
2019-06-03 07:00:00,0.347483333333333,0.351683333333333,0.337533333333333,0.333583333333333,0.31525,0.330254237288136,0.326316666666667,"1b","1b","1b","1b","1b","1b","1b"
2019-06-03 08:00:00,0.2531,0.250983333333333,0.24095,0.23945,0.22585,0.241224137931034,0.242672413793103,"1b","1b","1b","1b","1b","1b","1b"
2019-06-03 09:00:00,0.211610169491525,0.206033898305085,0.197694915254237,0.196813559322034,0.18871186440678,0.197526315789474,0.19901724137931,"1b","1b","1b","1b","1b","1b","1b"
2019-06-03 10:00:00,0.196666666666667,0.190183333333333,0.18325,0.1795,0.173716666666667,0.176087719298246,0.184228070175439,"1b","1b","1b","1b","1b","1b","1b"
2019-06-03 11:00:00,0.342416666666667,0.34225,0.3306,0.330033333333333,0.32335593220339,0.337684210526316,0.347052631578947,"1b","1b","1b","1b","1b","1b","1b"
2019-06-03 12:00:00,0.277050847457627,0.2679,0.263271186440678,0.261406779661017,0.253169491525424,0.269210526315789,0.276771929824561,"1b","1b","1b","1b","1b","1b","1b"
2019-06-03 13:00:00,0.187315789473684,0.19,0.178385964912281,0.172551724137931,0.175363636363636,0.194673076923077,0.195641509433962,"1b","1b","1b","1b","1b","1b","1b"
2019-06-03 14:00:00,0.211140350877193,0.208732142857143,0.195631578947368,0.19459649122807,0.189071428571429,0.212865384615385,0.218115384615385,"1b","1b","1b","1b","1b","1b","1b"
2019-06-03 15:00:00,0.296189655172414,0.277948275862069,0.264275862068966,0.258379310344828,0.248534482758621,0.261392857142857,0.266964285714286,"1b","1b","1b","1b","1b","1b","1b"
2019-06-03 16:00:00,0.274583333333333,0.265283333333333,0.25195,0.247216666666667,0.234083333333333,0.230783333333333,0.234766666666667,"1b","1b","1b","1b","1b","1b","1b"
2019-06-03 17:00:00,0.347033333333333,0.332466666666667,0.314333333333333,0.308083333333333,0.291383333333333,0.28845,0.294616666666667,"1b","1b","1b","1b","1b","1b","1b"
2019-06-03 18:00:00,0.303533333333333,0.2928,0.278016666666667,0.271533333333333,0.2572,0.256783333333333,0.261783333333333,"1b","1b","1b","1b","1b","1b","1b"
2019-06-03 19:00:00,0.3828,0.366016666666667,0.34805,0.340533333333333,0.321116666666667,0.3213,0.325816666666667,"1b","1b","1b","1b","1b","1b","1b"
2019-06-03 20:00:00,0.399533333333333,0.371933333333333,0.350166666666667,0.341716666666667,0.319233333333333,0.321366666666667,0.323166666666667,"1b","1b","1b","1b","1b","1b","1b"
2019-06-03 21:00:00,0.431533333333333,0.398816666666667,0.375566666666667,0.367833333333333,0.34435,0.346733333333333,0.349866666666667,"1b","1b","1b","1b","1b","1b","1b"
2019-06-03 22:00:00,0.351733333333333,0.330933333333333,0.312466666666667,0.30455,0.285633333333333,0.286366666666667,0.28945,"1b","1b","1b","1b","1b","1b","1b"
2019-06-03 23:00:00,0.391966666666667,0.361266666666667,0.340166666666667,0.331533333333333,0.31185,0.304116666666667,0.309066666666667,"1b","1b","1b","1b","1b","1b","1b"
2019-06-04,0.3724,0.339666666666667,0.318966666666667,0.310866666666667,0.293883333333333,0.285483333333333,0.290883333333333,"1b","1b","1b","1b","1b","1b","1b"
2019-06-04 01:00:00,0.323283333333333,0.301566666666667,0.284016666666667,0.276433333333333,0.263783333333333,0.257216666666667,0.26325,"1b","1b","1b","1b","1b","1b","1b"
2019-06-04 02:00:00,0.355383333333333,0.34655,0.328566666666667,0.3214,0.30085,0.3039,0.305966666666667,"1b","1b","1b","1b","1b","1b","1b"
2019-06-04 03:00:00,0.34775,0.330366666666667,0.313366666666667,0.3081,0.2854,0.29915,0.296033333333333,"1b","1b","1b","1b","1b","1b","1b"
2019-06-04 04:00:00,0.380633333333333,0.362333333333333,0.3453,0.340483333333333,0.319016666666667,0.32655,0.32655,"1b","1b","1b","1b","1b","1b","1b"
2019-06-04 05:00:00,0.38185,0.373483333333333,0.357416666666667,0.3537,0.334416666666667,0.340583333333333,0.341916666666667,"1b","1b","1b","1b","1b","1b","1b"
2019-06-04 06:00:00,0.511178571428571,0.470178571428571,0.452339285714286,0.448910714285714,0.432,0.422035714285714,0.432928571428571,"1b","1b","1b","1b","1b","1b","1b"
2019-06-04 07:00:00,0.742916666666667,0.673883333333333,0.638633333333333,0.6317,0.608316666666667,0.6045,0.608933333333333,"1b","1b","1b","1b","1b","1b","1b"
2019-06-04 08:00:00,0.9091,0.932233333333333,0.883466666666667,0.871316666666667,0.835916666666667,0.830433333333333,0.833133333333333,"1b","1b","1b","1b","1b","1b","1b"
2019-06-04 09:00:00,0.634016666666667,0.64945,0.615133333333333,0.605733333333333,0.57835,0.5786,0.57955,"1b","1b","1b","1b","1b","1b","1b"
2019-06-04 10:00:00,0.525683333333333,0.5339,0.5071,0.499583333333333,0.47755,0.4715,0.473966666666667,"1b","1b","1b","1b","1b","1b","1b"
2019-06-04 11:00:00,0.5628,0.595483333333333,0.58185,0.589183333333333,0.585383333333333,0.619083333333333,0.63735,"1b","1b","1b","1b","1b","1b","1b"
2019-06-04 12:00:00,0.718666666666667,0.760766666666667,0.738966666666667,0.746116666666667,0.738316666666667,0.785566666666667,0.806833333333333,"1b","1b","1b","1b","1b","1b","1b"
2019-06-04 13:00:00,0.5502,0.5525,0.52275,0.5126,0.488033333333333,0.480633333333333,0.482483333333333,"1b","1b","1b","1b","1b","1b","1b"
2019-06-04 14:00:00,0.625066666666667,0.62365,0.59075,0.580783333333333,0.5531,0.549416666666667,0.5514,"1b","1b","1b","1b","1b","1b","1b"
2019-06-04 15:00:00,1.01996666666667,1.02526666666667,0.9721,0.95775,0.910933333333333,0.914183333333333,0.918116666666667,"1b","1b","1b","1b","1b","1b","1b"
2019-06-04 16:00:00,0.87435,0.883233333333333,0.840083333333333,0.828216666666667,0.789116666666667,0.786066666666667,0.792183333333333,"1b","1b","1b","1b","1b","1b","1b"
2019-06-04 17:00:00,1.76863333333333,1.87435,1.87465,1.94,1.93578333333333,2.13383333333333,2.18775,"1b","1b","1b","1b","1b","1b","1b"
2019-06-04 18:00:00,1.03206666666667,1.065,1.03341666666667,1.03468333333333,0.993983333333333,1.02268333333333,1.03121666666667,"1b","1b","1b","1b","1b","1b","1b"
2019-06-04 19:00:00,0.627333333333333,0.616933333333333,0.587916666666667,0.578483333333333,0.5461,0.539733333333333,0.541666666666667,"1b","1b","1b","1b","1b","1b","1b"
2019-06-04 20:00:00,0.9752,0.962966666666667,0.919733333333333,0.907833333333333,0.864733333333333,0.851933333333333,0.8639,"1b","1b","1b","1b","1b","1b","1b"
2019-06-04 21:00:00,1.3729,1.37383333333333,1.30848333333333,1.28845,1.22328333333333,1.21436666666667,1.2292,"1b","1b","1b","1b","1b","1b","1b"
2019-06-04 22:00:00,1.52603333333333,1.50996666666667,1.43343333333333,1.40963333333333,1.33865,1.3085,1.32853333333333,"1b","1b","1b","1b","1b","1b","1b"
2019-06-04 23:00:00,0.862066666666667,0.788416666666667,0.73065,0.70255,0.661266666666667,0.63635,0.650633333333333,"1b","1b","1b","1b","1b","1b","1b"
2019-06-05,0.3708,0.3498,0.32625,0.31495,0.288483333333333,0.289616666666667,0.285933333333333,"1b","1b","1b","1b","1b","1b","1b"
2019-06-05 01:00:00,0.1712,0.156333333333333,0.146033333333333,0.1417,0.130983333333333,0.1237,0.122733333333333,"1b","1b","1b","1b","1b","1b","1b"
2019-06-05 02:00:00,0.186766666666667,0.174583333333333,0.16585,0.16075,0.15515,0.136883333333333,0.1425,"1b","1b","1b","1b","1b","1b","1b"
2019-06-05 03:00:00,0.19435,0.1907,0.179416666666667,0.173733333333333,0.157683333333333,0.159433333333333,0.157,"1b","1b","1b","1b","1b","1b","1b"
2019-06-05 04:00:00,0.1918,0.18385,0.17225,0.167033333333333,0.1582,0.14505,0.147566666666667,"1b","1b","1b","1b","1b","1b","1b"
2019-06-05 05:00:00,0.215416666666667,0.21695,0.205866666666667,0.200633333333333,0.188633333333333,0.182733333333333,0.1857,"1b","1b","1b","1b","1b","1b","1b"
2019-06-05 06:00:00,0.311466666666667,0.31515,0.296466666666667,0.289766666666667,0.267066666666667,0.27525,0.272883333333333,"1b","1b","1b","1b","1b","1b","1b"
2019-06-05 07:00:00,0.353016666666667,0.355266666666667,0.334783333333333,0.3266,0.308316666666667,0.300733333333333,0.30515,"1b","1b","1b","1b","1b","1b","1b"
2019-06-05 08:00:00,0.267118644067797,0.271423728813559,0.255694915254237,0.249593220338983,0.225983333333333,0.234728813559322,0.235491525423729,"1b","1b","1b","1b","1b","1b","1b"
2019-06-05 09:00:00,0.259677966101695,0.258483333333333,0.242866666666667,0.241406779661017,0.224033898305085,0.221833333333333,0.229448275862069,"1b","1b","1b","1b","1b","1b","1b"
2019-06-05 10:00:00,0.243948275862069,0.234116666666667,0.22464406779661,0.221913793103448,0.204896551724138,0.212178571428571,0.212892857142857,"1b","1b","1b","1b","1b","1b","1b"
2019-06-05 11:00:00,0.266672413793103,0.257237288135593,0.241576271186441,0.237220338983051,0.22128813559322,0.221103448275862,0.222137931034483,"1b","1b","1b","1b","1b","1b","1b"
2019-06-05 12:00:00,0.269533333333333,0.269233333333333,0.255033333333333,0.252559322033898,0.236796610169492,0.230586206896552,0.232448275862069,"1b","1b","1b","1b","1b","1b","1b"
2019-06-05 13:00:00,0.266509803921569,0.230230769230769,0.224411764705882,0.224039215686274,0.210725490196078,0.20543137254902,0.210843137254902,"1b","1b","1b","1b","1b","1b","1b"
2019-06-05 14:00:00,0.3546,0.279483333333333,0.264566666666667,0.261116666666667,0.250866666666667,0.24635,0.24885,"1b","1b","1b","1b","1b","1b","1b"
2019-06-05 15:00:00,0.298883333333333,0.283916666666667,0.267216666666667,0.26285,0.251233333333333,0.249583333333333,0.25015,"1b","1b","1b","1b","1b","1b","1b"
2019-06-05 16:00:00,0.272133333333333,0.270283333333333,0.255783333333333,0.252133333333333,0.241816666666667,0.237883333333333,0.239316666666667,"1b","1b","1b","1b","1b","1b","1b"
2019-06-05 17:00:00,0.323583333333333,0.319583333333333,0.299433333333333,0.29395,0.280866666666667,0.27375,0.274316666666667,"1b","1b","1b","1b","1b","1b","1b"
2019-06-05 18:00:00,0.457633333333333,0.4027,0.36355,0.345833333333333,0.3223,0.302433333333333,0.301883333333333,"1b","1b","1b","1b","1b","1b","1b"
2019-06-05 19:00:00,0.371266666666667,0.38135,0.359833333333333,0.3532,0.3373,0.335166666666667,0.3363,"1b","1b","1b","1b","1b","1b","1b"
2019-06-05 20:00:00,0.765616666666667,0.765966666666667,0.718683333333333,0.704933333333333,0.671716666666667,0.67375,0.67425,"1b","1b","1b","1b","1b","1b","1b"
2019-06-05 21:00:00,0.9391,0.96495,0.91315,0.898916666666667,0.859733333333333,0.84975,0.854483333333333,"1b","1b","1b","1b","1b","1b","1b"
2019-06-05 22:00:00,0.780283333333333,0.780483333333333,0.73405,0.720783333333333,0.686216666666667,0.675533333333333,0.678983333333333,"1b","1b","1b","1b","1b","1b","1b"
2019-06-05 23:00:00,0.804233333333333,0.800983333333333,0.75445,0.740466666666667,0.706133333333333,0.6958,0.700083333333333,"1b","1b","1b","1b","1b","1b","1b"
2019-06-06,0.61015,0.577933333333333,0.54055,0.529416666666667,0.502833333333333,0.484466666666667,0.489233333333333,"1b","1b","1b","1b","1b","1b","1b"
2019-06-06 01:00:00,0.40245,0.378716666666667,0.35855,0.352083333333333,0.3423,0.311516666666667,0.324433333333333,"1b","1b","1b","1b","1b","1b","1b"
2019-06-06 02:00:00,0.28055,0.274666666666667,0.261966666666667,0.260333333333333,0.25895,0.228733333333333,0.244033333333333,"1b","1b","1b","1b","1b","1b","1b"
2019-06-06 03:00:00,0.271183333333333,0.27245,0.261083333333333,0.257483333333333,0.25525,0.2305,0.24465,"1b","1b","1b","1b","1b","1b","1b"
2019-06-06 04:00:00,0.2899,0.301433333333333,0.28485,0.27815,0.25805,0.270733333333333,0.266216666666667,"1b","1b","1b","1b","1b","1b","1b"
2019-06-06 05:00:00,0.449166666666667,0.454666666666667,0.4309,0.423766666666667,0.396183333333333,0.412116666666667,0.406766666666667,"1b","1b","1b","1b","1b","1b","1b"
2019-06-06 06:00:00,0.401216666666667,0.417066666666667,0.397033333333333,0.392616666666667,0.3647,0.386733333333333,0.380033333333333,"1b","1b","1b","1b","1b","1b","1b"
2019-06-06 07:00:00,0.534316666666667,0.531883333333333,0.506916666666667,0.503383333333333,0.478,0.5006,0.499766666666667,"1b","1b","1b","1b","1b","1b","1b"
2019-06-06 08:00:00,0.398416666666667,0.407616666666667,0.38975,0.38695,0.365966666666667,0.3715,0.372533333333333,"1b","1b","1b","1b","1b","1b","1b"
2019-06-06 09:00:00,0.445466666666667,0.45935,0.443333333333333,0.441866666666667,0.4227,0.42635,0.430566666666667,"1b","1b","1b","1b","1b","1b","1b"
2019-06-06 10:00:00,0.398216666666667,0.41015,0.391616666666667,0.3863,0.36615,0.370525423728814,0.371983050847458,"1b","1b","1b","1b","1b","1b","1b"
2019-06-06 11:00:00,0.349916666666667,0.353916666666667,0.3367,0.331583333333333,0.31185,0.312254237288136,0.313593220338983,"1b","1b","1b","1b","1b","1b","1b"
2019-06-06 12:00:00,0.217824561403509,0.204254237288136,0.194949152542373,0.191542372881356,0.188842105263158,0.20711320754717,0.210188679245283,"1b","1b","1b","1b","1b","1b","1b"
2019-06-06 13:00:00,0.245534482758621,0.229866666666667,0.21885,0.220118644067797,0.212603448275862,0.227240740740741,0.225418181818182,"1b","1b","1b","1b","1b","1b","1b"
2019-06-06 14:00:00,0.236844827586207,0.224916666666667,0.2141,0.209466666666667,0.203389830508475,0.205157894736842,0.210350877192982,"1b","1b","1b","1b","1b","1b","1b"
2019-06-06 15:00:00,0.274883333333333,0.27275,0.259033333333333,0.255033333333333,0.2418,0.236216666666667,0.2394,"1b","1b","1b","1b","1b","1b","1b"
2019-06-06 16:00:00,0.245866666666667,0.24685,0.235666666666667,0.23185,0.2192,0.210683333333333,0.21706779661017,"1b","1b","1b","1b","1b","1b","1b"
2019-06-06 17:00:00,0.192533333333333,0.187216666666667,0.178083333333333,0.1754,0.167383333333333,0.164966666666667,0.167416666666667,"1b","1b","1b","1b","1b","1b","1b"
2019-06-06 18:00:00,0.258683333333333,0.255283333333333,0.24215,0.238466666666667,0.224,0.22105,0.223183333333333,"1b","1b","1b","1b","1b","1b","1b"
2019-06-06 19:00:00,0.319883333333333,0.312166666666667,0.2972,0.2909,0.272633333333333,0.2735,0.273816666666667,"1b","1b","1b","1b","1b","1b","1b"
2019-06-06 20:00:00,0.650166666666667,0.647883333333333,0.614383333333333,0.604316666666667,0.569733333333333,0.578416666666667,0.581466666666667,"1b","1b","1b","1b","1b","1b","1b"
2019-06-06 21:00:00,1.46353333333333,1.47065,1.39853333333333,1.37721666666667,1.30443333333333,1.31773333333333,1.33613333333333,"1b","1b","1b","1b","1b","1b","1b"
2019-06-06 22:00:00,1.98346666666667,2.01175,1.92438333333333,1.90381666666667,1.81768333333333,1.83688333333333,1.87326666666667,"1b","1b","1b","1b","1b","1b","1b"
2019-06-06 23:00:00,2.13065,2.17418333333333,2.08991666666667,2.07228333333333,1.9903,1.98403333333333,2.03673333333333,"1b","1b","1b","1b","1b","1b","1b"
2019-06-07,1.7275,1.65858928571429,1.57830357142857,1.55682142857143,1.49748214285714,1.45898214285714,1.50475,"1b","1b","1b","1b","1b","1b","1b"
2019-06-07 01:00:00,1.23221666666667,1.1432,1.06415,1.03945,0.9937,0.98465,0.990283333333333,"1b","1b","1b","1b","1b","1b","1b"
2019-06-07 02:00:00,1.21091666666667,1.16291666666667,1.08331666666667,1.06435,1.01766666666667,0.997433333333333,1.00246666666667,"1b","1b","1b","1b","1b","1b","1b"
2019-06-07 03:00:00,0.902583333333333,0.85895,0.801666666666667,0.7867,0.753033333333333,0.7258,0.7358,"1b","1b","1b","1b","1b","1b","1b"
2019-06-07 04:00:00,0.8998,0.8798,0.826583333333333,0.809233333333333,0.778566666666667,0.752966666666667,0.766916666666667,"1b","1b","1b","1b","1b","1b","1b"
2019-06-07 05:00:00,1.24516666666667,1.27341666666667,1.20431666666667,1.18538333333333,1.1291,1.1398,1.14313333333333,"1b","1b","1b","1b","1b","1b","1b"
2019-06-07 06:00:00,1.24408333333333,1.26648333333333,1.20656666666667,1.19296666666667,1.13273333333333,1.15663333333333,1.15955,"1b","1b","1b","1b","1b","1b","1b"
2019-06-07 07:00:00,1.50865,1.54363333333333,1.47171666666667,1.45335,1.3779,1.39281666666667,1.39735,"1b","1b","1b","1b","1b","1b","1b"
2019-06-07 08:00:00,2.42353333333333,2.50488333333333,2.39475,2.36755,2.24153333333333,2.26556666666667,2.27523333333333,"1b","1b","1b","1b","1b","1b","1b"
2019-06-07 09:00:00,1.59756666666667,1.6077,1.52841666666667,1.50591666666667,1.4206,1.43271666666667,1.43578333333333,"1b","1b","1b","1b","1b","1b","1b"
2019-06-07 10:00:00,1.22081666666667,1.2459,1.1933,1.18263333333333,1.12331666666667,1.14686666666667,1.15513333333333,"1b","1b","1b","1b","1b","1b","1b"
2019-06-07 11:00:00,0.966833333333333,1.00158333333333,0.961583333333333,0.953033333333333,0.905133333333333,0.92215,0.929333333333333,"1b","1b","1b","1b","1b","1b","1b"
2019-06-07 12:00:00,0.82305,0.83785,0.802,0.791466666666667,0.747516666666667,0.756466666666667,0.760133333333333,"1b","1b","1b","1b","1b","1b","1b"
2019-06-07 13:00:00,0.951333333333333,0.973583333333333,0.93485,0.925833333333333,0.875466666666667,0.891766666666667,0.896233333333333,"1b","1b","1b","1b","1b","1b","1b"
2019-06-07 14:00:00,1.07188333333333,1.08265,1.03485,1.02123333333333,0.963116666666667,0.97585,0.9792,"1b","1b","1b","1b","1b","1b","1b"
2019-06-07 15:00:00,1.08388333333333,1.10856666666667,1.0622,1.0512,0.996633333333333,1.00468333333333,1.01285,"1b","1b","1b","1b","1b","1b","1b"
2019-06-07 16:00:00,0.971642857142857,0.968642857142857,0.929482142857143,0.919875,0.873214285714286,0.878839285714286,0.885410714285714,"1b","1b","1b","1b","1b","1b","1b"
2019-06-07 17:00:00,1.01326666666667,0.96175,0.907966666666667,0.8931,0.855433333333333,0.837266666666667,0.843266666666667,"1b","1b","1b","1b","1b","1b","1b"
2019-06-07 18:00:00,0.966166666666667,0.981716666666667,0.926633333333333,0.9107,0.8705,0.86085,0.863516666666667,"1b","1b","1b","1b","1b","1b","1b"
2019-06-07 19:00:00,1.23416666666667,1.27713333333333,1.20845,1.18886666666667,1.13656666666667,1.12193333333333,1.12603333333333,"1b","1b","1b","1b","1b","1b","1b"
2019-06-07 20:00:00,2.3411,2.44068333333333,2.32226666666667,2.29538333333333,2.20263333333333,2.18708333333333,2.20653333333333,"1b","1b","1b","1b","1b","1b","1b"
2019-06-07 21:00:00,2.43168333333333,2.51926666666667,2.4052,2.37641666666667,2.27701666666667,2.25811666666667,2.28805,"1b","1b","1b","1b","1b","1b","1b"
2019-06-07 22:00:00,0.412883333333333,0.429516666666667,0.410783333333333,0.406066666666667,0.384066666666667,0.384666666666667,0.386033333333333,"1b","1b","1b","1b","1b","1b","1b"
2019-06-07 23:00:00,0.293433333333333,0.277383333333333,0.2646,0.259933333333333,0.2517,0.23265,0.239883333333333,"1b","1b","1b","1b","1b","1b","1b"
2019-06-08,0.221566666666667,0.214866666666667,0.20625,0.20215,0.197366666666667,0.17745,0.188416666666667,"1b","1b","1b","1b","1b","1b","1b"
2019-06-08 01:00:00,0.233666666666667,0.248916666666667,0.238266666666667,0.2343,0.216966666666667,0.225283333333333,0.221066666666667,"1b","1b","1b","1b","1b","1b","1b"
2019-06-08 02:00:00,0.291816666666667,0.288433333333333,0.277883333333333,0.275816666666667,0.2604,0.2595,0.258516666666667,"1b","1b","1b","1b","1b","1b","1b"
2019-06-08 03:00:00,0.108866666666667,0.114916666666667,0.1095,0.1078,0.09855,0.1042,0.101416666666667,"1b","1b","1b","1b","1b","1b","1b"
2019-06-08 04:00:00,0.0717,0.0627666666666667,0.0596166666666667,0.059,0.0570847457627119,0.0513898305084746,0.05175,"1b","1b","1b","1b","1b","1b","1b"
2019-06-08 05:00:00,0.118083333333333,0.123966666666667,0.118183333333333,0.1156,0.108133333333333,0.110316666666667,0.11025,"1b","1b","1b","1b","1b","1b","1b"
2019-06-08 06:00:00,0.188516666666667,0.183483333333333,0.175183333333333,0.17335,0.16455,0.158066666666667,0.16045,"1b","1b","1b","1b","1b","1b","1b"
2019-06-08 07:00:00,0.211183333333333,0.216333333333333,0.206716666666667,0.20415,0.193633333333333,0.1941,0.1963,"1b","1b","1b","1b","1b","1b","1b"
2019-06-08 08:00:00,0.252666666666667,0.249466666666667,0.23885,0.234883333333333,0.224416666666667,0.21675,0.220866666666667,"1b","1b","1b","1b","1b","1b","1b"
2019-06-08 09:00:00,0.270316666666667,0.275966666666667,0.262933333333333,0.259783333333333,0.243533333333333,0.2465,0.245883333333333,"1b","1b","1b","1b","1b","1b","1b"
2019-06-08 10:00:00,0.313683333333333,0.31725,0.303733333333333,0.2999,0.28305,0.282383333333333,0.283766666666667,"1b","1b","1b","1b","1b","1b","1b"
2019-06-08 11:00:00,0.311733333333333,0.316866666666667,0.304566666666667,0.302716666666667,0.286166666666667,0.295779661016949,0.296372881355932,"1b","1b","1b","1b","1b","1b","1b"
2019-06-08 12:00:00,0.257783333333333,0.260083333333333,0.250333333333333,0.248816666666667,0.234966666666667,0.2363,0.238133333333333,"1b","1b","1b","1b","1b","1b","1b"
2019-06-08 13:00:00,0.282070175438596,0.279620689655172,0.26271186440678,0.266568965517241,0.255912280701754,0.261350877192982,0.261368421052632,"1b","1b","1b","1b","1b","1b","1b"
2019-06-08 14:00:00,0.306473684210526,0.30680701754386,0.291684210526316,0.288719298245614,0.269210526315789,0.2928,0.293907407407407,"1b","1b","1b","1b","1b","1b","1b"
2019-06-08 15:00:00,0.474892857142857,0.464140350877193,0.443736842105263,0.448821428571429,0.409879310344828,0.443672727272727,0.4496,"1b","1b","1b","1b","1b","1b","1b"
2019-06-08 16:00:00,0.402352941176471,0.397039215686275,0.380647058823529,0.3872,0.36976,0.398125,0.403375,"1b","1b","1b","1b","1b","1b","1b"
2019-06-08 17:00:00,0.260115384615385,0.250283018867925,0.24122641509434,0.233333333333333,0.228509433962264,0.23978431372549,0.242549019607843,"1b","1b","1b","1b","1b","1b","1b"
2019-06-08 18:00:00,0.295827586206897,0.288833333333333,0.277283333333333,0.274866666666667,0.26464406779661,0.284125,0.288232142857143,"1b","1b","1b","1b","1b","1b","1b"
2019-06-08 19:00:00,0.3089,0.308366666666667,0.295183333333333,0.292516666666667,0.276816666666667,0.281183333333333,0.2842,"1b","1b","1b","1b","1b","1b","1b"
2019-06-08 20:00:00,0.310066666666667,0.304633333333333,0.290816666666667,0.28905,0.273783333333333,0.2775,0.282033333333333,"1b","1b","1b","1b","1b","1b","1b"
2019-06-08 21:00:00,0.351233333333333,0.337283333333333,0.321716666666667,0.316233333333333,0.301966666666667,0.297516666666667,0.30385,"1b","1b","1b","1b","1b","1b","1b"
2019-06-08 22:00:00,0.296666666666667,0.278066666666667,0.263183333333333,0.256983333333333,0.2446,0.233116666666667,0.239783333333333,"1b","1b","1b","1b","1b","1b","1b"
2019-06-08 23:00:00,0.335416666666667,0.308833333333333,0.29055,0.283633333333333,0.267033333333333,0.2539,0.258783333333333,"1b","1b","1b","1b","1b","1b","1b"
2019-06-09,0.327424242424242,0.196242424242424,0.190060606060606,0.189606060606061,0.189363636363636,0.165727272727273,0.181121212121212,"1b","1b","1b","1b","1b","1b","1b"
2019-06-09 01:00:00,0.21385,0.162716666666667,0.152883333333333,0.1496,0.138866666666667,0.1471,0.143383333333333,"1b","1b","1b","1b","1b","1b","1b"
2019-06-09 02:00:00,0.158416666666667,0.145816666666667,0.137216666666667,0.13385,0.124866666666667,0.134466666666667,0.130416666666667,"1b","1b","1b","1b","1b","1b","1b"
2019-06-09 03:00:00,0.190383333333333,0.170783333333333,0.1583,0.153866666666667,0.144833333333333,0.145616666666667,0.143983333333333,"1b","1b","1b","1b","1b","1b","1b"
2019-06-09 04:00:00,0.281583333333333,0.280283333333333,0.26265,0.256583333333333,0.243183333333333,0.246966666666667,0.244716666666667,"1b","1b","1b","1b","1b","1b","1b"
2019-06-09 05:00:00,0.27015,0.272066666666667,0.256266666666667,0.2518,0.238433333333333,0.24225,0.2405,"1b","1b","1b","1b","1b","1b","1b"
2019-06-09 06:00:00,0.152133333333333,0.14765,0.140016666666667,0.138416666666667,0.133783333333333,0.130633333333333,0.132066666666667,"1b","1b","1b","1b","1b","1b","1b"
2019-06-09 07:00:00,0.13545,0.14005,0.134066666666667,0.131316666666667,0.125,0.130338983050847,0.126383333333333,"1b","1b","1b","1b","1b","1b","1b"
2019-06-09 08:00:00,0.151916666666667,0.156133333333333,0.147516666666667,0.145833333333333,0.13805,0.141116666666667,0.13845,"1b","1b","1b","1b","1b","1b","1b"
2019-06-09 09:00:00,0.16655,0.16725,0.158433333333333,0.15685,0.14955,0.150491525423729,0.156526315789474,"1b","1b","1b","1b","1b","1b","1b"
2019-06-09 10:00:00,0.1623,0.160566666666667,0.1526,0.15095,0.145216666666667,0.148396551724138,0.150913793103448,"1b","1b","1b","1b","1b","1b","1b"
2019-06-09 11:00:00,0.169728813559322,0.16475,0.15605,0.153216666666667,0.151050847457627,0.169528301886792,0.177615384615385,"1b","1b","1b","1b","1b","1b","1b"
2019-06-09 12:00:00,0.303333333333333,0.3053,0.28815,0.283916666666667,0.273216666666667,0.271966666666667,0.27505,"1b","1b","1b","1b","1b","1b","1b"
2019-06-09 13:00:00,0.276283333333333,0.2945,0.2809,0.277466666666667,0.265216666666667,0.271810344827586,0.273362068965517,"1b","1b","1b","1b","1b","1b","1b"
2019-06-09 14:00:00,0.179116666666667,0.17695,0.16705,0.164133333333333,0.1574,0.173345454545455,0.175872727272727,"1b","1b","1b","1b","1b","1b","1b"
2019-06-09 15:00:00,0.218372881355932,0.21893220338983,0.208203389830508,0.206338983050847,0.199457627118644,0.208892857142857,0.212839285714286,"1b","1b","1b","1b","1b","1b","1b"
2019-06-09 16:00:00,0.2053,0.206283333333333,0.19575,0.196694915254237,0.18715,0.194140350877193,0.197824561403509,"1b","1b","1b","1b","1b","1b","1b"
2019-06-09 17:00:00,0.363683333333333,0.369716666666667,0.349283333333333,0.343883333333333,0.330316666666667,0.324283333333333,0.3286,"1b","1b","1b","1b","1b","1b","1b"
2019-06-09 18:00:00,0.2839,0.2881,0.273733333333333,0.27095,0.26065,0.258633333333333,0.2614,"1b","1b","1b","1b","1b","1b","1b"
2019-06-09 19:00:00,0.258466666666667,0.255083333333333,0.23865,0.23235,0.219866666666667,0.218233333333333,0.218766666666667,"1b","1b","1b","1b","1b","1b","1b"
2019-06-09 20:00:00,0.594516666666667,0.59855,0.567566666666667,0.56005,0.535466666666667,0.543316666666667,0.547216666666667,"1b","1b","1b","1b","1b","1b","1b"
2019-06-09 21:00:00,0.876816666666667,0.848866666666667,0.799283333333333,0.78595,0.75135,0.735983333333333,0.746366666666667,"1b","1b","1b","1b","1b","1b","1b"
2019-06-09 22:00:00,1.08726666666667,1.02726666666667,0.968583333333333,0.954666666666667,0.91965,0.89525,0.915666666666667,"1b","1b","1b","1b","1b","1b","1b"
2019-06-09 23:00:00,1.2119,1.14181666666667,1.07811666666667,1.06138333333333,1.02086666666667,0.986433333333333,1.01161666666667,"1b","1b","1b","1b","1b","1b","1b"
2019-06-10,1.58056666666667,1.43005,1.33576666666667,1.30703333333333,1.24691666666667,1.20065,1.22816666666667,"1b","1b","1b","1b","1b","1b","1b"
2019-06-10 01:00:00,1.71081666666667,1.53616666666667,1.4336,1.40071666666667,1.33333333333333,1.28531666666667,1.31726666666667,"1b","1b","1b","1b","1b","1b","1b"
2019-06-10 02:00:00,1.08888333333333,1.00181666666667,0.936783333333333,0.9142,0.866216666666667,0.8429,0.861883333333333,"1b","1b","1b","1b","1b","1b","1b"
2019-06-10 03:00:00,0.573183333333333,0.558366666666667,0.52625,0.516,0.470883333333333,0.493183333333333,0.48495,"1b","1b","1b","1b","1b","1b","1b"
2019-06-10 04:00:00,0.5914,0.5862,0.561833333333333,0.555183333333333,0.5107,0.531433333333333,0.52495,"1b","1b","1b","1b","1b","1b","1b"
2019-06-10 05:00:00,0.927033333333333,0.933416666666667,0.89585,0.890383333333333,0.83495,0.864183333333333,0.866283333333333,"1b","1b","1b","1b","1b","1b","1b"
2019-06-10 06:00:00,1.1542,1.10951666666667,1.05953333333333,1.05043333333333,0.993866666666667,1.01386666666667,1.02368333333333,"1b","1b","1b","1b","1b","1b","1b"
2019-06-10 07:00:00,1.24425,1.2532,1.20188333333333,1.19125,1.12881666666667,1.15286666666667,1.16741666666667,"1b","1b","1b","1b","1b","1b","1b"
2019-06-10 08:00:00,0.96315,0.97495,0.929716666666667,0.917916666666667,0.86095,0.88915,0.890533333333333,"1b","1b","1b","1b","1b","1b","1b"
2019-06-10 09:00:00,0.85775,0.866283333333333,0.828666666666667,0.81825,0.766116666666667,0.7878,0.7882,"1b","1b","1b","1b","1b","1b","1b"
2019-06-10 10:00:00,0.868633333333333,0.874016666666667,0.836533333333333,0.828016666666667,0.7788,0.799883333333333,0.801,"1b","1b","1b","1b","1b","1b","1b"
2019-06-10 11:00:00,1.48666071428571,1.46642857142857,1.39119642857143,1.36780357142857,1.28042857142857,1.27980357142857,1.28294642857143,"1b","1b","1b","1b","1b","1b","1b"
2019-06-10 12:00:00,1.56028333333333,1.501,1.40371666666667,1.36918333333333,1.30216666666667,1.26408333333333,1.26746666666667,"1b","1b","1b","1b","1b","1b","1b"
2019-06-10 13:00:00,1.81178333333333,1.61925,1.4525,1.37201666666667,1.26053333333333,1.15376666666667,1.14595,"1b","1b","1b","1b","1b","1b","1b"
2019-06-10 14:00:00,0.967033333333333,0.868033333333333,0.786883333333333,0.75105,0.69605,0.64985,0.647866666666667,"1b","1b","1b","1b","1b","1b","1b"
2019-06-10 15:00:00,0.691516666666667,0.626766666666667,0.577883333333333,0.55905,0.527466666666667,0.511416666666667,0.512383333333333,"1b","1b","1b","1b","1b","1b","1b"
2019-06-10 16:00:00,0.687283333333333,0.6486,0.605833333333333,0.590816666666667,0.5602,0.549616666666667,0.553066666666667,"1b","1b","1b","1b","1b","1b","1b"
2019-06-10 17:00:00,0.655166666666667,0.631583333333333,0.59145,0.577233333333333,0.544783333333333,0.533416666666667,0.535816666666667,"1b","1b","1b","1b","1b","1b","1b"
2019-06-10 18:00:00,0.495866666666667,0.5115,0.488833333333333,0.483033333333333,0.460333333333333,0.45605,0.460866666666667,"1b","1b","1b","1b","1b","1b","1b"
2019-06-10 19:00:00,0.3926,0.40235,0.38485,0.381216666666667,0.363833333333333,0.360533333333333,0.363966666666667,"1b","1b","1b","1b","1b","1b","1b"
2019-06-10 20:00:00,0.3563,0.355683333333333,0.3409,0.336283333333333,0.3226,0.311166666666667,0.317833333333333,"1b","1b","1b","1b","1b","1b","1b"
2019-06-10 21:00:00,0.363833333333333,0.367816666666667,0.352283333333333,0.3478,0.3321,0.3263,0.3299,"1b","1b","1b","1b","1b","1b","1b"
2019-06-10 22:00:00,0.307566666666667,0.302716666666667,0.28885,0.285466666666667,0.27085,0.267033333333333,0.26895,"1b","1b","1b","1b","1b","1b","1b"
2019-06-10 23:00:00,0.32575,0.31735,0.304416666666667,0.301866666666667,0.29015,0.277416666666667,0.285516666666667,"1b","1b","1b","1b","1b","1b","1b"
2019-06-11,0.21535,0.217866666666667,0.209566666666667,0.207633333333333,0.199833333333333,0.198016666666667,0.201033333333333,"1b","1b","1b","1b","1b","1b","1b"
2019-06-11 01:00:00,0.17585,0.174733333333333,0.168366666666667,0.167333333333333,0.1573,0.1549,0.1561,"1b","1b","1b","1b","1b","1b","1b"
2019-06-11 02:00:00,0.162133333333333,0.16545,0.160366666666667,0.159016666666667,0.150766666666667,0.15055,0.14975,"1b","1b","1b","1b","1b","1b","1b"
2019-06-11 03:00:00,0.1696,0.176866666666667,0.170733333333333,0.169866666666667,0.159233333333333,0.161816666666667,0.160283333333333,"1b","1b","1b","1b","1b","1b","1b"
2019-06-11 04:00:00,0.22595,0.23305,0.225633333333333,0.225533333333333,0.212166666666667,0.2173,0.215383333333333,"1b","1b","1b","1b","1b","1b","1b"
2019-06-11 05:00:00,0.328983333333333,0.339266666666667,0.329166666666667,0.329683333333333,0.31285,0.32165,0.321466666666667,"1b","1b","1b","1b","1b","1b","1b"
2019-06-11 06:00:00,0.461666666666667,0.477016666666667,0.462566666666667,0.462566666666667,0.442633333333333,0.450883333333333,0.455983333333333,"1b","1b","1b","1b","1b","1b","1b"
2019-06-11 07:00:00,0.531183333333333,0.546966666666667,0.526283333333333,0.5225,0.5002,0.505566666666667,0.512183333333333,"1b","1b","1b","1b","1b","1b","1b"
2019-06-11 08:00:00,0.618616666666667,0.63335,0.60725,0.60335,0.57675,0.58225,0.591,"1b","1b","1b","1b","1b","1b","1b"
2019-06-11 09:00:00,0.5623,0.576816666666667,0.555183333333333,0.551983333333333,0.52835,0.535383333333333,0.544666666666667,"1b","1b","1b","1b","1b","1b","1b"
2019-06-11 10:00:00,0.52865,0.540116666666667,0.518116666666667,0.51385,0.490383333333333,0.49725,0.504116666666667,"1b","1b","1b","1b","1b","1b","1b"
2019-06-11 11:00:00,0.532183333333333,0.536666666666667,0.514983333333333,0.510033333333333,0.488383333333333,0.486416666666667,0.498716666666667,"1b","1b","1b","1b","1b","1b","1b"
2019-06-11 12:00:00,0.534016666666667,0.540116666666667,0.515866666666667,0.5099,0.484983333333333,0.488433333333333,0.494783333333333,"1b","1b","1b","1b","1b","1b","1b"
2019-06-11 13:00:00,0.5712,0.580016666666667,0.5545,0.548633333333333,0.521283333333333,0.525066666666667,0.5335,"1b","1b","1b","1b","1b","1b","1b"
2019-06-11 14:00:00,0.6127,0.617516666666667,0.588733333333333,0.581016666666667,0.55225,0.554766666666667,0.5633,"1b","1b","1b","1b","1b","1b","1b"
2019-06-11 15:00:00,0.67145,0.680133333333333,0.649866666666667,0.6421,0.61095,0.611666666666667,0.623383333333333,"1b","1b","1b","1b","1b","1b","1b"
2019-06-11 16:00:00,0.668283333333333,0.670683333333333,0.640333333333333,0.630816666666667,0.60255,0.59165,0.606183333333333,"1b","1b","1b","1b","1b","1b","1b"
2019-06-11 17:00:00,0.66995,0.678183333333333,0.647516666666667,0.639683333333333,0.60955,0.608516666666667,0.622866666666667,"1b","1b","1b","1b","1b","1b","1b"
2019-06-11 18:00:00,0.528633333333333,0.530966666666667,0.507716666666667,0.500483333333333,0.481633333333333,0.47045,0.485516666666667,"1b","1b","1b","1b","1b","1b","1b"
2019-06-11 19:00:00,0.472483333333333,0.476433333333333,0.45355,0.448216666666667,0.425916666666667,0.423666666666667,0.43255,"1b","1b","1b","1b","1b","1b","1b"
2019-06-11 20:00:00,0.451383333333333,0.437583333333333,0.41715,0.40985,0.39595,0.376016666666667,0.39175,"1b","1b","1b","1b","1b","1b","1b"
2019-06-11 21:00:00,0.403033333333333,0.41035,0.391083333333333,0.3842,0.368883333333333,0.362733333333333,0.373466666666667,"1b","1b","1b","1b","1b","1b","1b"
2019-06-11 22:00:00,0.286383333333333,0.292983333333333,0.279933333333333,0.2776,0.260683333333333,0.264483333333333,0.2675,"1b","1b","1b","1b","1b","1b","1b"
2019-06-11 23:00:00,0.25165,0.239216666666667,0.228,0.223583333333333,0.215933333333333,0.20285,0.21255,"1b","1b","1b","1b","1b","1b","1b"
2019-06-12,0.17015,0.15805,0.15105,0.147816666666667,0.148366666666667,0.1274,0.138083333333333,"1b","1b","1b","1b","1b","1b","1b"
2019-06-12 01:00:00,0.210107142857143,0.143428571428571,0.140107142857143,0.1395,0.136946428571429,0.129160714285714,0.139232142857143,"1b","1b","1b","1b","1b","1b","1b"
2019-06-12 02:00:00,0.263766666666667,0.1946,0.1832,0.1823,0.1723,0.190966666666667,0.186833333333333,"1b","1b","1b","1b","1b","1b","1b"
2019-06-12 03:00:00,0.28145,0.259916666666667,0.242066666666667,0.2368,0.223216666666667,0.22985,0.227066666666667,"1b","1b","1b","1b","1b","1b","1b"
2019-06-12 04:00:00,0.283133333333333,0.275283333333333,0.255866666666667,0.250216666666667,0.237516666666667,0.2433,0.24245,"1b","1b","1b","1b","1b","1b","1b"
2019-06-12 05:00:00,0.3829,0.393233333333333,0.371166666666667,0.365716666666667,0.349666666666667,0.3519,0.3518,"1b","1b","1b","1b","1b","1b","1b"
2019-06-12 06:00:00,0.614583333333333,0.635516666666667,0.601933333333333,0.593716666666667,0.570216666666667,0.571466666666667,0.57425,"1b","1b","1b","1b","1b","1b","1b"
2019-06-12 07:00:00,0.798733333333333,0.831516666666667,0.785966666666667,0.7739,0.742116666666667,0.73875,0.743416666666667,"1b","1b","1b","1b","1b","1b","1b"
2019-06-12 08:00:00,1.04413333333333,1.03236666666667,0.962433333333333,0.937133333333333,0.89315,0.876566666666667,0.88545,"1b","1b","1b","1b","1b","1b","1b"
2019-06-12 09:00:00,0.992333333333333,1.02288333333333,0.965616666666667,0.948266666666667,0.906416666666667,0.8972,0.90545,"1b","1b","1b","1b","1b","1b","1b"
2019-06-12 10:00:00,0.955183333333333,0.9886,0.94035,0.927383333333333,0.88565,0.88205,0.886783333333333,"1b","1b","1b","1b","1b","1b","1b"
2019-06-12 11:00:00,1.11816666666667,1.13743333333333,1.07941666666667,1.06321666666667,1.01338333333333,1.01683333333333,1.02421666666667,"1b","1b","1b","1b","1b","1b","1b"
2019-06-12 12:00:00,1.16505,1.16196666666667,1.09928333333333,1.08096666666667,1.0278,1.0232,1.03055,"1b","1b","1b","1b","1b","1b","1b"
2019-06-12 13:00:00,1.05046666666667,1.06851666666667,1.01516666666667,0.999566666666667,0.9506,0.950466666666667,0.958566666666667,"1b","1b","1b","1b","1b","1b","1b"
2019-06-12 14:00:00,1.078,1.09881666666667,1.0465,1.03301666666667,0.982483333333333,0.985716666666667,0.995433333333333,"1b","1b","1b","1b","1b","1b","1b"
2019-06-12 15:00:00,0.957816666666667,0.977433333333333,0.931016666666667,0.918516666666667,0.87285,0.881216666666667,0.8904,"1b","1b","1b","1b","1b","1b","1b"
2019-06-12 16:00:00,1.20161666666667,1.19288333333333,1.12695,1.1142,1.06715,1.07101666666667,1.08258333333333,"1b","1b","1b","1b","1b","1b","1b"
2019-06-12 17:00:00,1.06728333333333,1.10131666666667,1.05641666666667,1.04671666666667,0.99675,1.00876666666667,1.01808333333333,"1b","1b","1b","1b","1b","1b","1b"
2019-06-12 18:00:00,0.98305,0.990116666666667,0.943966666666667,0.932033333333333,0.885483333333333,0.889416666666667,0.901366666666667,"1b","1b","1b","1b","1b","1b","1b"
2019-06-12 19:00:00,1.3025,1.30981666666667,1.24735,1.22978333333333,1.16718333333333,1.16963333333333,1.18343333333333,"1b","1b","1b","1b","1b","1b","1b"
2019-06-12 20:00:00,1.23053333333333,1.22886666666667,1.16788333333333,1.14931666666667,1.09046666666667,1.08168333333333,1.09456666666667,"1b","1b","1b","1b","1b","1b","1b"
2019-06-12 21:00:00,0.906133333333333,0.916833333333333,0.872333333333333,0.855466666666667,0.812133333333333,0.808783333333333,0.822183333333333,"1b","1b","1b","1b","1b","1b","1b"
2019-06-12 22:00:00,0.712016666666667,0.716083333333333,0.678366666666667,0.66735,0.6327,0.624316666666667,0.634133333333333,"1b","1b","1b","1b","1b","1b","1b"
2019-06-12 23:00:00,0.653033333333333,0.639766666666667,0.61095,0.599266666666667,0.576066666666667,0.548183333333333,0.56535,"1b","1b","1b","1b","1b","1b","1b"
2019-06-13,0.266633333333333,0.288,0.27095,0.265166666666667,0.2468,0.25855,0.2582,"1b","1b","1b","1b","1b","1b","1b"
2019-06-13 01:00:00,0.2479,0.2433,0.227033333333333,0.221716666666667,0.206483333333333,0.207483333333333,0.205766666666667,"1b","1b","1b","1b","1b","1b","1b"
2019-06-13 02:00:00,0.242033333333333,0.222166666666667,0.212733333333333,0.20735,0.20375,0.177383333333333,0.1898,"1b","1b","1b","1b","1b","1b","1b"
2019-06-13 03:00:00,0.33245,0.359,0.347166666666667,0.34175,0.320033333333333,0.329466666666667,0.3293,"1b","1b","1b","1b","1b","1b","1b"
2019-06-13 04:00:00,0.34395,0.359466666666667,0.346116666666667,0.3444,0.318266666666667,0.3337,0.32885,"1b","1b","1b","1b","1b","1b","1b"
2019-06-13 05:00:00,0.400821428571429,0.392696428571429,0.375464285714286,0.375321428571429,0.350428571428571,0.359589285714286,0.358464285714286,"1b","1b","1b","1b","1b","1b","1b"
2019-06-13 06:00:00,0.723766666666667,0.62215,0.588033333333333,0.582033333333333,0.563733333333333,0.543866666666667,0.555133333333333,"1b","1b","1b","1b","1b","1b","1b"
2019-06-13 07:00:00,1.00401666666667,0.974083333333333,0.909866666666667,0.893733333333333,0.859216666666667,0.857816666666667,0.862466666666667,"1b","1b","1b","1b","1b","1b","1b"
2019-06-13 08:00:00,0.651133333333333,0.682816666666667,0.648666666666667,0.640183333333333,0.612366666666667,0.619166666666667,0.617216666666667,"1b","1b","1b","1b","1b","1b","1b"
2019-06-13 09:00:00,0.688533333333333,0.732216666666667,0.698333333333333,0.691883333333333,0.663683333333333,0.675066666666667,0.676266666666667,"1b","1b","1b","1b","1b","1b","1b"
2019-06-13 10:00:00,0.495033333333333,0.514816666666667,0.48895,0.483216666666667,0.461116666666667,0.46315,0.463016666666667,"1b","1b","1b","1b","1b","1b","1b"
2019-06-13 11:00:00,0.423416666666667,0.442833333333333,0.423216666666667,0.419116666666667,0.4029,0.3992,0.403116666666667,"1b","1b","1b","1b","1b","1b","1b"
2019-06-13 12:00:00,0.6497,0.678516666666667,0.644516666666667,0.635766666666667,0.606666666666667,0.60725,0.606566666666667,"1b","1b","1b","1b","1b","1b","1b"
2019-06-13 13:00:00,0.648433333333333,0.668483333333333,0.63635,0.628433333333333,0.6008,0.597566666666667,0.59995,"1b","1b","1b","1b","1b","1b","1b"
2019-06-13 14:00:00,0.592133333333333,0.613616666666667,0.584783333333333,0.577533333333333,0.549866666666667,0.55035,0.55035,"1b","1b","1b","1b","1b","1b","1b"
2019-06-13 15:00:00,0.683133333333333,0.705216666666667,0.6733,0.664983333333333,0.634516666666667,0.63385,0.635366666666667,"1b","1b","1b","1b","1b","1b","1b"
2019-06-13 16:00:00,0.729516666666667,0.753033333333333,0.720966666666667,0.713416666666667,0.680516666666667,0.677816666666667,0.681166666666667,"1b","1b","1b","1b","1b","1b","1b"
2019-06-13 17:00:00,0.6102,0.6261,0.599616666666667,0.59325,0.564233333333333,0.560266666666667,0.5627,"1b","1b","1b","1b","1b","1b","1b"
2019-06-13 18:00:00,0.556133333333333,0.562783333333333,0.538766666666667,0.532866666666667,0.506416666666667,0.501483333333333,0.503916666666667,"1b","1b","1b","1b","1b","1b","1b"
2019-06-13 19:00:00,0.626133333333333,0.629766666666667,0.60085,0.592333333333333,0.564533333333333,0.561333333333333,0.566316666666667,"1b","1b","1b","1b","1b","1b","1b"
2019-06-13 20:00:00,0.673683333333333,0.662566666666667,0.628716666666667,0.6196,0.590783333333333,0.589483333333333,0.5967,"1b","1b","1b","1b","1b","1b","1b"
2019-06-13 21:00:00,0.895066666666667,0.86345,0.81615,0.803216666666667,0.770233333333333,0.747233333333333,0.766016666666667,"1b","1b","1b","1b","1b","1b","1b"
2019-06-13 22:00:00,0.918,0.895183333333333,0.845466666666667,0.826716666666667,0.785983333333333,0.772383333333333,0.78715,"1b","1b","1b","1b","1b","1b","1b"
2019-06-13 23:00:00,1.10198333333333,1.05398333333333,0.991416666666667,0.97,0.912383333333333,0.912766666666667,0.9193,"1b","1b","1b","1b","1b","1b","1b"
2019-06-14,0.8179,0.782033333333333,0.74515,0.735416666666667,0.70195,0.680616666666667,0.69695,"1b","1b","1b","1b","1b","1b","1b"
2019-06-14 01:00:00,0.371716666666667,0.377916666666667,0.35855,0.352666666666667,0.33145,0.337016666666667,0.337716666666667,"1b","1b","1b","1b","1b","1b","1b"
2019-06-14 02:00:00,0.313233333333333,0.31305,0.298033333333333,0.29275,0.272733333333333,0.280233333333333,0.278283333333333,"1b","1b","1b","1b","1b","1b","1b"
2019-06-14 03:00:00,0.30375,0.304583333333333,0.292933333333333,0.290183333333333,0.270983333333333,0.275133333333333,0.274433333333333,"1b","1b","1b","1b","1b","1b","1b"
2019-06-14 04:00:00,0.2499,0.257183333333333,0.24985,0.24885,0.232566666666667,0.238233333333333,0.236466666666667,"1b","1b","1b","1b","1b","1b","1b"
2019-06-14 05:00:00,0.25865,0.2641,0.253866666666667,0.251866666666667,0.237533333333333,0.244533333333333,0.24385,"1b","1b","1b","1b","1b","1b","1b"
2019-06-14 06:00:00,0.36995,0.3713,0.3545,0.3512,0.331566666666667,0.336366666666667,0.3396,"1b","1b","1b","1b","1b","1b","1b"
2019-06-14 07:00:00,0.533666666666667,0.536233333333333,0.5114,0.504,0.477283333333333,0.49028813559322,0.497254237288136,"1b","1b","1b","1b","1b","1b","1b"
2019-06-14 08:00:00,0.458933333333333,0.469033333333333,0.447583333333333,0.44035,0.420833333333333,0.4215,0.431,"1b","1b","1b","1b","1b","1b","1b"
2019-06-14 09:00:00,0.320627118644068,0.329916666666667,0.314766666666667,0.311083333333333,0.291566666666667,0.317913793103448,0.314118644067797,"1b","1b","1b","1b","1b","1b","1b"
2019-06-14 10:00:00,0.316464285714286,0.307431034482759,0.297859649122807,0.291155172413793,0.276175438596491,0.304709090909091,0.315509433962264,"1b","1b","1b","1b","1b","1b","1b"
2019-06-14 11:00:00,0.2856,0.267228070175439,0.248862068965517,0.25040350877193,0.235929824561404,0.256703703703704,0.252321428571429,"1b","1b","1b","1b","1b","1b","1b"
2019-06-14 12:00:00,0.344,0.323694915254237,0.314758620689655,0.322125,0.298631578947368,0.328685185185185,0.316410714285714,"1b","1b","1b","1b","1b","1b","1b"
2019-06-14 13:00:00,0.356588235294118,0.339923076923077,0.332705882352941,0.3245,0.314823529411765,0.323882352941176,0.328450980392157,"1b","1b","1b","1b","1b","1b","1b"
2019-06-14 14:00:00,0.439689655172414,0.426881355932203,0.404203389830508,0.395881355932203,0.370779661016949,0.377120689655172,0.38098275862069,"1b","1b","1b","1b","1b","1b","1b"
2019-06-14 15:00:00,0.345413793103448,0.335448275862069,0.31071186440678,0.303474576271186,0.279783333333333,0.297732142857143,0.302464285714286,"1b","1b","1b","1b","1b","1b","1b"
2019-06-14 16:00:00,0.409254237288136,0.404233333333333,0.384866666666667,0.379566666666667,0.357483333333333,0.366864406779661,0.369338983050847,"1b","1b","1b","1b","1b","1b","1b"
2019-06-14 17:00:00,0.39595,0.400183333333333,0.382616666666667,0.37595,0.354316666666667,0.355133333333333,0.3576,"1b","1b","1b","1b","1b","1b","1b"
2019-06-14 18:00:00,0.471533333333333,0.47775,0.45895,0.453733333333333,0.425716666666667,0.434366666666667,0.4367,"1b","1b","1b","1b","1b","1b","1b"
2019-06-14 19:00:00,0.57115,0.570766666666667,0.545116666666667,0.538416666666667,0.506766666666667,0.51045,0.51335,"1b","1b","1b","1b","1b","1b","1b"
2019-06-14 20:00:00,0.554633333333333,0.548733333333333,0.52395,0.515516666666667,0.486233333333333,0.4844,0.4895,"1b","1b","1b","1b","1b","1b","1b"
2019-06-14 21:00:00,0.609482142857143,0.480607142857143,0.447107142857143,0.437660714285714,0.417553571428571,0.396035714285714,0.404125,"1b","1b","1b","1b","1b","1b","1b"
2019-06-14 22:00:00,0.667616666666667,0.605516666666667,0.5607,0.547216666666667,0.5218,0.507016666666667,0.510383333333333,"1b","1b","1b","1b","1b","1b","1b"
2019-06-14 23:00:00,0.4901,0.454683333333333,0.4229,0.414483333333333,0.400083333333333,0.371883333333333,0.382216666666667,"1b","1b","1b","1b","1b","1b","1b"
2019-06-15,0.38035,0.350233333333333,0.325316666666667,0.318433333333333,0.31045,0.281233333333333,0.293166666666667,"1b","1b","1b","1b","1b","1b","1b"
2019-06-15 01:00:00,0.250466666666667,0.224566666666667,0.210066666666667,0.206016666666667,0.2031,0.1801,0.19095,"1b","1b","1b","1b","1b","1b","1b"
2019-06-15 02:00:00,0.177233333333333,0.1881,0.178733333333333,0.174833333333333,0.168483333333333,0.1758,0.176916666666667,"1b","1b","1b","1b","1b","1b","1b"
2019-06-15 03:00:00,0.182116666666667,0.182,0.172283333333333,0.1693,0.15535,0.18105,0.171033333333333,"1b","1b","1b","1b","1b","1b","1b"
2019-06-15 04:00:00,0.18045,0.1734,0.163983333333333,0.161283333333333,0.148983333333333,0.166316666666667,0.158883333333333,"1b","1b","1b","1b","1b","1b","1b"
2019-06-15 05:00:00,0.16595,0.1647,0.156216666666667,0.154016666666667,0.143416666666667,0.155366666666667,0.153254237288136,"1b","1b","1b","1b","1b","1b","1b"
2019-06-15 06:00:00,0.154866666666667,0.159666666666667,0.151816666666667,0.150333333333333,0.141233333333333,0.149883333333333,0.14595,"1b","1b","1b","1b","1b","1b","1b"
2019-06-15 07:00:00,0.173666666666667,0.169466666666667,0.160833333333333,0.160133333333333,0.1526,0.152633333333333,0.1526,"1b","1b","1b","1b","1b","1b","1b"
2019-06-15 08:00:00,0.21465,0.221533333333333,0.21115,0.208633333333333,0.2014,0.199266666666667,0.201433333333333,"1b","1b","1b","1b","1b","1b","1b"
2019-06-15 09:00:00,0.2068,0.21815,0.20805,0.20625,0.1966,0.20245,0.200633333333333,"1b","1b","1b","1b","1b","1b","1b"
2019-06-15 10:00:00,0.24225,0.25095,0.239283333333333,0.236666666666667,0.224933333333333,0.230583333333333,0.229716666666667,"1b","1b","1b","1b","1b","1b","1b"
2019-06-15 11:00:00,0.30455,0.30915,0.2937,0.290816666666667,0.279716666666667,0.2818,0.283716666666667,"1b","1b","1b","1b","1b","1b","1b"
2019-06-15 12:00:00,0.2673,0.275366666666667,0.262133333333333,0.260816666666667,0.24965,0.25225,0.25225,"1b","1b","1b","1b","1b","1b","1b"
2019-06-15 13:00:00,0.330881355932203,0.342593220338983,0.328305084745763,0.327,0.316474576271186,0.321457627118644,0.325983050847458,"1b","1b","1b","1b","1b","1b","1b"
2019-06-15 14:00:00,0.389692307692308,0.384425925925926,0.376264150943396,0.383653846153846,0.37878431372549,0.41830612244898,0.422448979591837,"1b","1b","1b","1b","1b","1b","1b"
2019-06-15 15:00:00,0.295228070175439,0.294689655172414,0.287578947368421,0.285035087719298,0.275771929824561,0.304461538461538,0.310423076923077,"1b","1b","1b","1b","1b","1b","1b"
2019-06-15 16:00:00,0.3408,0.350866666666667,0.336616666666667,0.334566666666667,0.322383333333333,0.326101694915254,0.331406779661017,"1b","1b","1b","1b","1b","1b","1b"
2019-06-15 17:00:00,0.313883333333333,0.320733333333333,0.307283333333333,0.303583333333333,0.291516666666667,0.284533333333333,0.28765,"1b","1b","1b","1b","1b","1b","1b"
2019-06-15 18:00:00,0.311566666666667,0.310533333333333,0.294633333333333,0.29,0.27695,0.272216666666667,0.275166666666667,"1b","1b","1b","1b","1b","1b","1b"
2019-06-15 19:00:00,0.394766666666667,0.38575,0.36335,0.356666666666667,0.3364,0.33715,0.336933333333333,"1b","1b","1b","1b","1b","1b","1b"
2019-06-15 20:00:00,0.478216666666667,0.45235,0.4254,0.415716666666667,0.393583333333333,0.388516666666667,0.38995,"1b","1b","1b","1b","1b","1b","1b"
2019-06-15 21:00:00,0.738583333333333,0.710966666666667,0.674616666666667,0.666566666666667,0.640516666666667,0.622816666666667,0.637983333333333,"1b","1b","1b","1b","1b","1b","1b"
2019-06-15 22:00:00,0.773083333333333,0.72865,0.688233333333333,0.674616666666667,0.6517,0.618066666666667,0.6395,"1b","1b","1b","1b","1b","1b","1b"
2019-06-15 23:00:00,0.63725,0.599883333333333,0.565866666666667,0.554116666666667,0.535816666666667,0.50175,0.52225,"1b","1b","1b","1b","1b","1b","1b"
2019-06-16,0.564181818181818,0.393393939393939,0.372636363636364,0.371969696969697,0.362,0.326787878787879,0.349060606060606,"1b","1b","1b","1b","1b","1b","1b"
2019-06-16 01:00:00,0.420533333333333,0.389783333333333,0.363966666666667,0.353416666666667,0.330716666666667,0.35525,0.347166666666667,"1b","1b","1b","1b","1b","1b","1b"
2019-06-16 02:00:00,0.505916666666667,0.489233333333333,0.457766666666667,0.447883333333333,0.421566666666667,0.442083333333333,0.43565,"1b","1b","1b","1b","1b","1b","1b"
2019-06-16 03:00:00,0.409916666666667,0.387883333333333,0.35995,0.34895,0.3258,0.333633333333333,0.3272,"1b","1b","1b","1b","1b","1b","1b"
2019-06-16 04:00:00,0.299716666666667,0.280183333333333,0.260483333333333,0.2527,0.235666666666667,0.237966666666667,0.233116666666667,"1b","1b","1b","1b","1b","1b","1b"
2019-06-16 05:00:00,0.223,0.20535,0.19185,0.18745,0.1772,0.17545,0.173966666666667,"1b","1b","1b","1b","1b","1b","1b"
2019-06-16 06:00:00,0.20905,0.197666666666667,0.186466666666667,0.1841,0.174033333333333,0.174616666666667,0.174033333333333,"1b","1b","1b","1b","1b","1b","1b"
2019-06-16 07:00:00,0.182666666666667,0.166566666666667,0.159916666666667,0.159366666666667,0.157916666666667,0.14385,0.15185,"1b","1b","1b","1b","1b","1b","1b"
2019-06-16 08:00:00,0.1489,0.157833333333333,0.150083333333333,0.148533333333333,0.1419,0.142333333333333,0.14155,"1b","1b","1b","1b","1b","1b","1b"
2019-06-16 09:00:00,0.140216666666667,0.144816666666667,0.137416666666667,0.135683333333333,0.126133333333333,0.133133333333333,0.129,"1b","1b","1b","1b","1b","1b","1b"
2019-06-16 10:00:00,0.174033333333333,0.178466666666667,0.170916666666667,0.170033333333333,0.162833333333333,0.168066666666667,0.16755,"1b","1b","1b","1b","1b","1b","1b"
2019-06-16 11:00:00,0.31115,0.323483333333333,0.30825,0.305783333333333,0.294983333333333,0.310982456140351,0.308586206896552,"1b","1b","1b","1b","1b","1b","1b"
2019-06-16 12:00:00,0.2611,0.2694,0.256716666666667,0.254316666666667,0.244083333333333,0.251948275862069,0.259157894736842,"1b","1b","1b","1b","1b","1b","1b"
2019-06-16 13:00:00,0.207406779661017,0.216169491525424,0.206864406779661,0.204440677966102,0.200603448275862,0.212109090909091,0.216945454545455,"1b","1b","1b","1b","1b","1b","1b"
2019-06-16 14:00:00,0.158385964912281,0.154610169491525,0.153842105263158,0.152824561403509,0.146929824561403,0.169038461538462,0.165703703703704,"1b","1b","1b","1b","1b","1b","1b"
2019-06-16 15:00:00,0.145966666666667,0.148233333333333,0.140983333333333,0.139933333333333,0.134366666666667,0.140310344827586,0.139084745762712,"1b","1b","1b","1b","1b","1b","1b"
2019-06-16 16:00:00,0.1719,0.17465,0.16665,0.1653,0.159333333333333,0.162706896551724,0.164637931034483,"1b","1b","1b","1b","1b","1b","1b"
2019-06-16 17:00:00,0.256833333333333,0.259283333333333,0.247366666666667,0.245166666666667,0.23595,0.234016666666667,0.238133333333333,"1b","1b","1b","1b","1b","1b","1b"
2019-06-16 18:00:00,0.244883333333333,0.247716666666667,0.23615,0.233883333333333,0.224033333333333,0.22115,0.223366666666667,"1b","1b","1b","1b","1b","1b","1b"
2019-06-16 19:00:00,0.254883333333333,0.253583333333333,0.24065,0.238,0.22595,0.225533333333333,0.225916666666667,"1b","1b","1b","1b","1b","1b","1b"
2019-06-16 20:00:00,0.2263,0.224983333333333,0.215716666666667,0.2128,0.202383333333333,0.2051,0.205116666666667,"1b","1b","1b","1b","1b","1b","1b"
2019-06-16 21:00:00,0.249316666666667,0.251133333333333,0.240783333333333,0.2396,0.227066666666667,0.23235,0.231766666666667,"1b","1b","1b","1b","1b","1b","1b"
2019-06-16 22:00:00,0.3962,0.44535,0.4533,0.47205,0.47445,0.5128,0.526016666666667,"1b","1b","1b","1b","1b","1b","1b"
2019-06-16 23:00:00,0.150033333333333,0.146033333333333,0.14205,0.1433,0.139416666666667,0.138533333333333,0.142133333333333,"1b","1b","1b","1b","1b","1b","1b"
2019-06-17,0.108616666666667,0.110966666666667,0.108533333333333,0.10935,0.107883333333333,0.110933333333333,0.114483333333333,"1b","1b","1b","1b","1b","1b","1b"
2019-06-17 01:00:00,0.0960833333333333,0.0934166666666667,0.0901833333333333,0.0901333333333333,0.0868166666666667,0.09025,0.0893333333333333,"1b","1b","1b","1b","1b","1b","1b"
2019-06-17 02:00:00,0.0858166666666667,0.0776666666666667,0.0760666666666667,0.07675,0.0771333333333333,0.0685833333333333,0.0759491525423729,"1b","1b","1b","1b","1b","1b","1b"
2019-06-17 03:00:00,0.07515,0.0814333333333333,0.07875,0.0786333333333333,0.07475,0.0808333333333333,0.0801833333333333,"1b","1b","1b","1b","1b","1b","1b"
2019-06-17 04:00:00,0.111616666666667,0.1054,0.101566666666667,0.10285,0.0987,0.0988,0.0998666666666667,"1b","1b","1b","1b","1b","1b","1b"
2019-06-17 05:00:00,0.142116666666667,0.144866666666667,0.139983333333333,0.139316666666667,0.133483333333333,0.1367,0.138083333333333,"1b","1b","1b","1b","1b","1b","1b"
2019-06-17 06:00:00,0.220833333333333,0.223783333333333,0.215016666666667,0.213516666666667,0.20215,0.211516666666667,0.210566666666667,"1b","1b","1b","1b","1b","1b","1b"
2019-06-17 07:00:00,0.39025,0.396833333333333,0.382816666666667,0.38275,0.36705,0.374883333333333,0.37855,"1b","1b","1b","1b","1b","1b","1b"
2019-06-17 08:00:00,0.428383333333333,0.433,0.414416666666667,0.41165,0.39065,0.398733333333333,0.400283333333333,"1b","1b","1b","1b","1b","1b","1b"
2019-06-17 09:00:00,0.793466666666667,0.8143,0.787066666666667,0.784266666666667,0.749083333333333,0.7684,0.774766666666667,"1b","1b","1b","1b","1b","1b","1b"
2019-06-17 10:00:00,0.48685,0.484533333333333,0.4648,0.460766666666667,0.4373,0.4433,0.445866666666667,"1b","1b","1b","1b","1b","1b","1b"
2019-06-17 11:00:00,1.17256666666667,1.20205,1.16023333333333,1.15491666666667,1.10155,1.12713333333333,1.13831666666667,"1b","1b","1b","1b","1b","1b","1b"
2019-06-17 12:00:00,0.598166666666667,0.604916666666667,0.586383333333333,0.583983333333333,0.55635,0.5705,0.576766666666667,"1b","1b","1b","1b","1b","1b","1b"
2019-06-17 13:00:00,0.606583333333333,0.614933333333333,0.5913,0.5877,0.55605,0.567916666666667,0.570266666666667,"1b","1b","1b","1b","1b","1b","1b"
2019-06-17 14:00:00,0.4606,0.454716666666667,0.437733333333333,0.43345,0.410333333333333,0.41775,0.420133333333333,"1b","1b","1b","1b","1b","1b","1b"
2019-06-17 15:00:00,0.48915,0.484483333333333,0.464983333333333,0.461233333333333,0.43705,0.442983333333333,0.445766666666667,"1b","1b","1b","1b","1b","1b","1b"
2019-06-17 16:00:00,0.42445,0.419216666666667,0.404083333333333,0.4009,0.38045,0.391203389830508,0.394474576271186,"1b","1b","1b","1b","1b","1b","1b"
2019-06-17 17:00:00,0.415516666666667,0.410933333333333,0.394183333333333,0.389766666666667,0.367633333333333,0.370066666666667,0.37245,"1b","1b","1b","1b","1b","1b","1b"
2019-06-17 18:00:00,0.420566666666667,0.415083333333333,0.399233333333333,0.39435,0.374416666666667,0.378816666666667,0.381966666666667,"1b","1b","1b","1b","1b","1b","1b"
2019-06-17 19:00:00,0.378816666666667,0.37455,0.364847457627119,0.359915254237288,0.339542372881356,0.343491525423729,0.344932203389831,"1b","1b","1b","1b","1b","1b","1b"
2019-06-17 20:00:00,0.4508,0.43785,0.41745,0.409883333333333,0.385233333333333,0.394333333333333,0.395633333333333,"1b","1b","1b","1b","1b","1b","1b"
2019-06-17 21:00:00,0.700966666666667,0.6918,0.66335,0.657066666666667,0.617683333333333,0.629083333333333,0.628516666666667,"1b","1b","1b","1b","1b","1b","1b"
2019-06-17 22:00:00,0.514333333333333,0.4948,0.472333333333333,0.46455,0.436516666666667,0.442233333333333,0.442233333333333,"1b","1b","1b","1b","1b","1b","1b"
2019-06-17 23:00:00,0.443133333333333,0.411566666666667,0.388716666666667,0.380766666666667,0.356516666666667,0.35825,0.359116666666667,"1b","1b","1b","1b","1b","1b","1b"
2019-06-18,0.475416666666667,0.45135,0.428033333333333,0.4195,0.391666666666667,0.400683333333333,0.40075,"1b","1b","1b","1b","1b","1b","1b"
2019-06-18 01:00:00,0.489633333333333,0.44725,0.4193,0.409833333333333,0.3863,0.37845,0.382483333333333,"1b","1b","1b","1b","1b","1b","1b"
2019-06-18 02:00:00,0.54655,0.5222,0.494766666666667,0.483933333333333,0.455966666666667,0.457916666666667,0.461366666666667,"1b","1b","1b","1b","1b","1b","1b"
2019-06-18 03:00:00,0.710066666666667,0.69365,0.661483333333333,0.6508,0.617633333333333,0.61575,0.623816666666667,"1b","1b","1b","1b","1b","1b","1b"
2019-06-18 04:00:00,0.724553571428571,0.674089285714286,0.644875,0.636892857142857,0.613035714285714,0.596732142857143,0.614196428571429,"1b","1b","1b","1b","1b","1b","1b"
2019-06-18 05:00:00,0.83175,0.750566666666667,0.70395,0.691,0.660183333333333,0.664166666666667,0.66435,"1b","1b","1b","1b","1b","1b","1b"
2019-06-18 06:00:00,0.64735,0.63415,0.597416666666667,0.5888,0.561216666666667,0.569066666666667,0.56715,"1b","1b","1b","1b","1b","1b","1b"
2019-06-18 07:00:00,0.6597,0.657383333333333,0.618083333333333,0.6064,0.577733333333333,0.5746,0.574433333333333,"1b","1b","1b","1b","1b","1b","1b"
2019-06-18 08:00:00,0.715566666666667,0.738466666666667,0.704566666666667,0.699016666666667,0.673833333333333,0.680233333333333,0.684566666666667,"1b","1b","1b","1b","1b","1b","1b"
2019-06-18 09:00:00,0.558883333333333,0.553933333333333,0.519466666666667,0.507716666666667,0.486616666666667,0.482733333333333,0.484083333333333,"1b","1b","1b","1b","1b","1b","1b"
2019-06-18 10:00:00,0.563783333333333,0.51215,0.464233333333333,0.45825,0.449166666666667,0.430033333333333,0.432066666666667,"1b","1b","1b","1b","1b","1b","1b"
2019-06-18 11:00:00,0.524383333333333,0.506716666666667,0.475566666666667,0.466116666666667,0.444833333333333,0.4345,0.434916666666667,"1b","1b","1b","1b","1b","1b","1b"
2019-06-18 12:00:00,0.508316666666667,0.480683333333333,0.446533333333333,0.4384,0.4214,0.408216666666667,0.409283333333333,"1b","1b","1b","1b","1b","1b","1b"
2019-06-18 13:00:00,0.42515,0.4157,0.391783333333333,0.3845,0.364033333333333,0.354133333333333,0.3541,"1b","1b","1b","1b","1b","1b","1b"
2019-06-18 14:00:00,0.582066666666667,0.59185,0.56845,0.562166666666667,0.53665,0.536,0.5384,"1b","1b","1b","1b","1b","1b","1b"
2019-06-18 15:00:00,0.606733333333333,0.576033333333333,0.53755,0.528083333333333,0.4994,0.4907,0.486383333333333,"1b","1b","1b","1b","1b","1b","1b"
2019-06-18 16:00:00,0.629866666666667,0.588266666666667,0.551766666666667,0.545216666666667,0.52375,0.51725,0.51905,"1b","1b","1b","1b","1b","1b","1b"
2019-06-18 17:00:00,0.750633333333333,0.749633333333333,0.715383333333333,0.709066666666667,0.67535,0.679666666666667,0.68185,"1b","1b","1b","1b","1b","1b","1b"
2019-06-18 18:00:00,0.573,0.582183333333333,0.55865,0.5536,0.526483333333333,0.534266666666667,0.533666666666667,"1b","1b","1b","1b","1b","1b","1b"
2019-06-18 19:00:00,0.648316666666667,0.661966666666667,0.634616666666667,0.629366666666667,0.597566666666667,0.60665,0.60645,"1b","1b","1b","1b","1b","1b","1b"
2019-06-18 20:00:00,0.8973,0.920066666666667,0.882816666666667,0.877383333333333,0.834133333333333,0.855883333333333,0.85745,"1b","1b","1b","1b","1b","1b","1b"
2019-06-18 21:00:00,0.892033333333333,0.894366666666667,0.85525,0.846916666666667,0.804566666666667,0.81765,0.819866666666667,"1b","1b","1b","1b","1b","1b","1b"
2019-06-18 22:00:00,1.25066666666667,1.27611666666667,1.22455,1.21683333333333,1.15856666666667,1.18546666666667,1.19008333333333,"1b","1b","1b","1b","1b","1b","1b"
2019-06-18 23:00:00,0.770916666666667,0.7725,0.740616666666667,0.7343,0.699966666666667,0.704833333333333,0.7098,"1b","1b","1b","1b","1b","1b","1b"
2019-06-19,0.69815,0.7039,0.675266666666667,0.669866666666667,0.636216666666667,0.649233333333333,0.650316666666667,"1b","1b","1b","1b","1b","1b","1b"
2019-06-19 01:00:00,1.0768,1.11321666666667,1.0759,1.07535,1.03213333333333,1.06485,1.07731666666667,"1b","1b","1b","1b","1b","1b","1b"
2019-06-19 02:00:00,1.0652,1.08198333333333,1.03915,1.03193333333333,0.981616666666667,1.00548333333333,1.01111666666667,"1b","1b","1b","1b","1b","1b","1b"
2019-06-19 03:00:00,0.993433333333333,1.00541666666667,0.96565,0.9591,0.914716666666667,0.9346,0.9438,"1b","1b","1b","1b","1b","1b","1b"
2019-06-19 04:00:00,1.03176666666667,1.05148333333333,1.0083,1.00226666666667,0.953183333333333,0.97885,0.985016666666667,"1b","1b","1b","1b","1b","1b","1b"
2019-06-19 05:00:00,0.991642857142857,0.979714285714286,0.939910714285714,0.932107142857143,0.893071428571429,0.904482142857143,0.91625,"1b","1b","1b","1b","1b","1b","1b"
2019-06-19 06:00:00,0.973683333333333,0.906833333333333,0.851533333333333,0.836883333333333,0.801016666666667,0.7968,0.798866666666667,"1b","1b","1b","1b","1b","1b","1b"
2019-06-19 07:00:00,1.24835,1.25746666666667,1.18386666666667,1.16333333333333,1.11135,1.10566666666667,1.10756666666667,"1b","1b","1b","1b","1b","1b","1b"
2019-06-19 08:00:00,1.28026666666667,1.30315,1.2281,1.2055,1.14996666666667,1.13878333333333,1.13913333333333,"1b","1b","1b","1b","1b","1b","1b"
2019-06-19 09:00:00,1.37483333333333,1.35103333333333,1.26248333333333,1.2311,1.16978333333333,1.15758333333333,1.1625,"1b","1b","1b","1b","1b","1b","1b"
2019-06-19 10:00:00,0.836883333333333,0.828766666666667,0.78445,0.7704,0.733983333333333,0.7201,0.72655,"1b","1b","1b","1b","1b","1b","1b"
2019-06-19 11:00:00,0.746983050847458,0.715966101694915,0.669915254237288,0.654033898305085,0.623932203389831,0.632913793103448,0.651736842105263,"1b","1b","1b","1b","1b","1b","1b"
2019-06-19 12:00:00,0.62225,0.61735,0.58325,0.571466666666667,0.543383333333333,0.532766666666667,0.536533333333333,"1b","1b","1b","1b","1b","1b","1b"
2019-06-19 13:00:00,0.527627118644068,0.50715,0.477283333333333,0.4674,0.450457627118644,0.435949152542373,0.454350877192982,"1b","1b","1b","1b","1b","1b","1b"
2019-06-19 14:00:00,0.908830508474576,0.844,0.77855,0.75205,0.70395,0.686457627118644,0.713631578947368,"1b","1b","1b","1b","1b","1b","1b"
2019-06-19 15:00:00,0.8287,0.819433333333333,0.773266666666667,0.7568,0.7164,0.704816666666667,0.7112,"1b","1b","1b","1b","1b","1b","1b"
2019-06-19 16:00:00,0.691583333333333,0.692166666666667,0.657866666666667,0.646916666666667,0.612233333333333,0.605783333333333,0.609716666666667,"1b","1b","1b","1b","1b","1b","1b"
2019-06-19 17:00:00,0.5501,0.548166666666667,0.523366666666667,0.51585,0.487433333333333,0.480916666666667,0.484166666666667,"1b","1b","1b","1b","1b","1b","1b"
2019-06-19 18:00:00,0.699183333333333,0.6947,0.6635,0.6565,0.621833333333333,0.615816666666667,0.621116666666667,"1b","1b","1b","1b","1b","1b","1b"
2019-06-19 19:00:00,0.821966666666667,0.815033333333333,0.77555,0.763366666666667,0.7231,0.714916666666667,0.722366666666667,"1b","1b","1b","1b","1b","1b","1b"
2019-06-19 20:00:00,0.837383333333333,0.815483333333333,0.7714,0.758,0.716383333333333,0.71225,0.72115,"1b","1b","1b","1b","1b","1b","1b"
2019-06-19 21:00:00,1.19773333333333,1.19265,1.13281666666667,1.1142,1.05025,1.054,1.06455,"1b","1b","1b","1b","1b","1b","1b"
2019-06-19 22:00:00,1.19068333333333,1.13946666666667,1.07588333333333,1.0548,0.993533333333333,0.9946,1.00696666666667,"1b","1b","1b","1b","1b","1b","1b"
2019-06-19 23:00:00,0.338366666666667,0.3206,0.307133333333333,0.304266666666667,0.29175,0.29535,0.303033333333333,"1b","1b","1b","1b","1b","1b","1b"
2019-06-20,0.278683333333333,0.254866666666667,0.243416666666667,0.240683333333333,0.237883333333333,0.21665,0.230983333333333,"1b","1b","1b","1b","1b","1b","1b"
2019-06-20 01:00:00,0.228583333333333,0.2234,0.2136,0.208816666666667,0.205916666666667,0.18965,0.2009,"1b","1b","1b","1b","1b","1b","1b"
2019-06-20 02:00:00,0.218133333333333,0.2281,0.217516666666667,0.215216666666667,0.198033333333333,0.209283333333333,0.20805,"1b","1b","1b","1b","1b","1b","1b"
2019-06-20 03:00:00,0.199666666666667,0.1906,0.182416666666667,0.180566666666667,0.170816666666667,0.16775,0.1705,"1b","1b","1b","1b","1b","1b","1b"
2019-06-20 04:00:00,0.219633333333333,0.218616666666667,0.209533333333333,0.206316666666667,0.192533333333333,0.198816666666667,0.199616666666667,"1b","1b","1b","1b","1b","1b","1b"
2019-06-20 05:00:00,0.337683333333333,0.337066666666667,0.321883333333333,0.318366666666667,0.304183333333333,0.302116666666667,0.310066666666667,"1b","1b","1b","1b","1b","1b","1b"
2019-06-20 06:00:00,0.504916666666667,0.515183333333333,0.49105,0.485583333333333,0.458416666666667,0.471033333333333,0.476533333333333,"1b","1b","1b","1b","1b","1b","1b"
2019-06-20 07:00:00,0.843433333333333,0.803016666666667,0.752066666666667,0.73245,0.6863,0.681133333333333,0.68955,"1b","1b","1b","1b","1b","1b","1b"
2019-06-20 08:00:00,0.514446428571429,0.504781818181818,0.461232142857143,0.449839285714286,0.42125,0.430309090909091,0.432981818181818,"1b","1b","1b","1b","1b","1b","1b"
2019-06-20 09:00:00,0.413542372881356,0.307101694915254,0.291661016949153,0.291033898305085,0.279508474576271,0.268525423728814,0.274932203389831,"1b","1b","1b","1b","1b","1b","1b"
2019-06-20 10:00:00,0.257683333333333,0.228066666666667,0.214333333333333,0.210833333333333,0.20355,0.1988,0.202266666666667,"1b","1b","1b","1b","1b","1b","1b"
2019-06-20 11:00:00,0.297116666666667,0.272966666666667,0.250933333333333,0.243116666666667,0.230133333333333,0.221383333333333,0.22245,"1b","1b","1b","1b","1b","1b","1b"
2019-06-20 12:00:00,0.274116666666667,0.272933333333333,0.256233333333333,0.25225,0.241766666666667,0.248827586206897,0.256017543859649,"1b","1b","1b","1b","1b","1b","1b"
2019-06-20 13:00:00,0.236583333333333,0.23725,0.225516666666667,0.2225,0.215483333333333,0.236036363636364,0.246240740740741,"1b","1b","1b","1b","1b","1b","1b"
2019-06-20 14:00:00,0.220516666666667,0.224233333333333,0.212583333333333,0.209266666666667,0.2016,0.21001724137931,0.211362068965517,"1b","1b","1b","1b","1b","1b","1b"
2019-06-20 15:00:00,0.223633333333333,0.228633333333333,0.2168,0.213966666666667,0.204583333333333,0.204066666666667,0.21298275862069,"1b","1b","1b","1b","1b","1b","1b"
2019-06-20 16:00:00,0.22075,0.2276,0.21625,0.213316666666667,0.2051,0.206333333333333,0.210423728813559,"1b","1b","1b","1b","1b","1b","1b"
2019-06-20 17:00:00,0.3009,0.309833333333333,0.2944,0.291866666666667,0.282033333333333,0.284033333333333,0.2869,"1b","1b","1b","1b","1b","1b","1b"
2019-06-20 18:00:00,0.278183333333333,0.286483333333333,0.271466666666667,0.267233333333333,0.256366666666667,0.251233333333333,0.254383333333333,"1b","1b","1b","1b","1b","1b","1b"
2019-06-20 19:00:00,0.3231,0.325466666666667,0.307333333333333,0.301966666666667,0.289233333333333,0.2916,0.294383333333333,"1b","1b","1b","1b","1b","1b","1b"
2019-06-20 20:00:00,0.499816666666667,0.520466666666667,0.495283333333333,0.489033333333333,0.468766666666667,0.47785,0.480633333333333,"1b","1b","1b","1b","1b","1b","1b"
2019-06-20 21:00:00,0.55345,0.557433333333333,0.528933333333333,0.523916666666667,0.50685,0.51095,0.520466666666667,"1b","1b","1b","1b","1b","1b","1b"
2019-06-20 22:00:00,0.54915,0.542366666666667,0.514,0.506533333333333,0.4896,0.489033333333333,0.4983,"1b","1b","1b","1b","1b","1b","1b"
2019-06-20 23:00:00,1.06611666666667,0.964416666666667,0.88495,0.857283333333333,0.8168,0.779983333333333,0.7959,"1b","1b","1b","1b","1b","1b","1b"
2019-06-21,0.643583333333333,0.6088,0.568216666666667,0.553716666666667,0.5333,0.503216666666667,0.519983333333333,"1b","1b","1b","1b","1b","1b","1b"
2019-06-21 01:00:00,0.626566666666667,0.621183333333333,0.5888,0.579583333333333,0.5603,0.533516666666667,0.55205,"1b","1b","1b","1b","1b","1b","1b"
2019-06-21 02:00:00,0.358866666666667,0.349666666666667,0.3322,0.325466666666667,0.315716666666667,0.297183333333333,0.30915,"1b","1b","1b","1b","1b","1b","1b"
2019-06-21 03:00:00,0.236616666666667,0.257433333333333,0.242833333333333,0.23765,0.219433333333333,0.2378,0.231933333333333,"1b","1b","1b","1b","1b","1b","1b"
2019-06-21 04:00:00,0.2706,0.27205,0.258716666666667,0.254783333333333,0.233833333333333,0.25695,0.249233333333333,"1b","1b","1b","1b","1b","1b","1b"
2019-06-21 05:00:00,0.364316666666667,0.3696,0.352183333333333,0.3488,0.32745,0.344466666666667,0.341933333333333,"1b","1b","1b","1b","1b","1b","1b"
2019-06-21 06:00:00,0.386633333333333,0.396033333333333,0.380416666666667,0.37645,0.35925,0.363583333333333,0.367216666666667,"1b","1b","1b","1b","1b","1b","1b"
2019-06-21 07:00:00,0.361116666666667,0.376533333333333,0.361283333333333,0.359133333333333,0.339666666666667,0.348616666666667,0.350116666666667,"1b","1b","1b","1b","1b","1b","1b"
2019-06-21 08:00:00,0.366516666666667,0.377116666666667,0.361783333333333,0.3582,0.338033333333333,0.343833333333333,0.350254237288136,"1b","1b","1b","1b","1b","1b","1b"
2019-06-21 09:00:00,0.299083333333333,0.304233333333333,0.290916666666667,0.28715,0.271266666666667,0.275666666666667,0.2755,"1b","1b","1b","1b","1b","1b","1b"
2019-06-21 10:00:00,0.310576271186441,0.314271186440678,0.300491525423729,0.297474576271186,0.283694915254237,0.292771929824561,0.292827586206897,"1b","1b","1b","1b","1b","1b","1b"
2019-06-21 11:00:00,0.245068965517241,0.236366666666667,0.230915254237288,0.231793103448276,0.222,0.224,0.23,"1b","1b","1b","1b","1b","1b","1b"
2019-06-21 12:00:00,0.229883333333333,0.230366666666667,0.220016666666667,0.216916666666667,0.20685,0.219789473684211,0.223,"1b","1b","1b","1b","1b","1b","1b"
2019-06-21 13:00:00,0.249745762711864,0.249949152542373,0.239016949152542,0.235203389830508,0.224491525423729,0.246055555555556,0.251740740740741,"1b","1b","1b","1b","1b","1b","1b"
2019-06-21 14:00:00,0.309237288135593,0.287916666666667,0.268813559322034,0.253766666666667,0.241576271186441,0.254571428571429,0.253052631578947,"1b","1b","1b","1b","1b","1b","1b"
2019-06-21 15:00:00,0.30228813559322,0.288833333333333,0.268533333333333,0.26228813559322,0.250413793103448,0.261089285714286,0.265089285714286,"1b","1b","1b","1b","1b","1b","1b"
2019-06-21 16:00:00,0.262050847457627,0.257583333333333,0.2451,0.246169491525424,0.233593220338983,0.237379310344828,0.242034482758621,"1b","1b","1b","1b","1b","1b","1b"
2019-06-21 17:00:00,0.298406779661017,0.297116666666667,0.283566666666667,0.28015,0.272457627118644,0.277448275862069,0.277372881355932,"1b","1b","1b","1b","1b","1b","1b"
2019-06-21 18:00:00,1.15898333333333,1.01608333333333,0.916116666666667,0.8624,0.7858,0.722716666666667,0.72405,"1b","1b","1b","1b","1b","1b","1b"
2019-06-21 19:00:00,0.549583333333333,0.547016666666667,0.519916666666667,0.511116666666667,0.483816666666667,0.4786,0.4874,"1b","1b","1b","1b","1b","1b","1b"
2019-06-21 20:00:00,0.657833333333333,0.661166666666667,0.630683333333333,0.620166666666667,0.58775,0.586066666666667,0.5934,"1b","1b","1b","1b","1b","1b","1b"
2019-06-21 21:00:00,0.834983333333333,0.845416666666667,0.8056,0.793933333333333,0.7499,0.756583333333333,0.765866666666667,"1b","1b","1b","1b","1b","1b","1b"
2019-06-21 22:00:00,1.1821,1.1357,1.06991666666667,1.04598333333333,0.987616666666667,0.98335,0.99715,"1b","1b","1b","1b","1b","1b","1b"
2019-06-21 23:00:00,1.61716666666667,1.55723333333333,1.47005,1.43961666666667,1.36753333333333,1.35766666666667,1.38616666666667,"1b","1b","1b","1b","1b","1b","1b"
2019-06-22,1.55101666666667,1.51698333333333,1.43616666666667,1.41008333333333,1.35175,1.32363333333333,1.36401666666667,"1b","1b","1b","1b","1b","1b","1b"
2019-06-22 01:00:00,1.82385714285714,1.674375,1.56855357142857,1.542375,1.48491071428571,1.44194642857143,1.47185714285714,"1b","1b","1b","1b","1b","1b","1b"
2019-06-22 02:00:00,2.0738,2.03155,1.89903333333333,1.86035,1.78728333333333,1.74318333333333,1.76583333333333,"1b","1b","1b","1b","1b","1b","1b"
2019-06-22 03:00:00,2.37775,2.36461666666667,2.2236,2.18353333333333,2.09613333333333,2.0494,2.07796666666667,"1b","1b","1b","1b","1b","1b","1b"
2019-06-22 04:00:00,2.64711666666667,2.63838333333333,2.49833333333333,2.46276666666667,2.36661666666667,2.31208333333333,2.3597,"1b","1b","1b","1b","1b","1b","1b"
2019-06-22 05:00:00,2.37421666666667,2.359,2.23915,2.20805,2.11325,2.06758333333333,2.11516666666667,"1b","1b","1b","1b","1b","1b","1b"
2019-06-22 06:00:00,2.02555,2.015,1.91081666666667,1.88448333333333,1.78053333333333,1.7851,1.80306666666667,"1b","1b","1b","1b","1b","1b","1b"
2019-06-22 07:00:00,1.826,1.83643333333333,1.75161666666667,1.73565,1.63823333333333,1.67206666666667,1.68375,"1b","1b","1b","1b","1b","1b","1b"
2019-06-22 08:00:00,0.87805,0.87635,0.833133333333333,0.82265,0.767266666666667,0.787316666666667,0.785433333333333,"1b","1b","1b","1b","1b","1b","1b"
2019-06-22 09:00:00,0.579683333333333,0.579416666666667,0.55325,0.546983333333333,0.50885,0.5161,0.512733333333333,"1b","1b","1b","1b","1b","1b","1b"
2019-06-22 10:00:00,0.574066666666667,0.572816666666667,0.547733333333333,0.540566666666667,0.505016666666667,0.49965,0.4993,"1b","1b","1b","1b","1b","1b","1b"
2019-06-22 11:00:00,0.359457627118644,0.346733333333333,0.337186440677966,0.331966101694915,0.313406779661017,0.311086206896552,0.312879310344828,"1b","1b","1b","1b","1b","1b","1b"
2019-06-22 12:00:00,0.2182,0.209690909090909,0.199072727272727,0.194127272727273,0.186654545454545,0.201826923076923,0.209,"1b","1b","1b","1b","1b","1b","1b"
2019-06-22 13:00:00,0.221745454545455,0.205375,0.193,0.191946428571429,0.182464285714286,0.208039215686275,0.209057692307692,"1b","1b","1b","1b","1b","1b","1b"
2019-06-22 14:00:00,0.256509090909091,0.233578947368421,0.225464285714286,0.220178571428571,0.213472727272727,0.222849056603774,0.234326923076923,"1b","1b","1b","1b","1b","1b","1b"
2019-06-22 15:00:00,0.264351851851852,0.244214285714286,0.232696428571429,0.225280701754386,0.228259259259259,0.261895833333333,0.261244897959184,"1b","1b","1b","1b","1b","1b","1b"
2019-06-22 16:00:00,0.260610169491525,0.25155,0.240116666666667,0.2359,0.226525423728814,0.231280701754386,0.229948275862069,"1b","1b","1b","1b","1b","1b","1b"
2019-06-22 17:00:00,0.3189,0.316633333333333,0.302116666666667,0.2968,0.278416666666667,0.2764,0.2771,"1b","1b","1b","1b","1b","1b","1b"
2019-06-22 18:00:00,0.379466666666667,0.374716666666667,0.35635,0.3511,0.329083333333333,0.325683333333333,0.326533333333333,"1b","1b","1b","1b","1b","1b","1b"
2019-06-22 19:00:00,0.457933333333333,0.444866666666667,0.421916666666667,0.4147,0.390333333333333,0.388166666666667,0.389816666666667,"1b","1b","1b","1b","1b","1b","1b"
2019-06-22 20:00:00,0.658803571428571,0.630464285714286,0.594767857142857,0.582053571428571,0.545910714285714,0.544160714285714,0.547785714285714,"1b","1b","1b","1b","1b","1b","1b"
2019-06-22 21:00:00,0.74005,0.58715,0.54135,0.52565,0.495433333333333,0.46895,0.472483333333333,"1b","1b","1b","1b","1b","1b","1b"
2019-06-22 22:00:00,0.53555,0.475733333333333,0.437716666666667,0.422333333333333,0.395966666666667,0.382833333333333,0.3801,"1b","1b","1b","1b","1b","1b","1b"
2019-06-22 23:00:00,0.45925,0.417333333333333,0.383266666666667,0.368883333333333,0.34395,0.333566666666667,0.330433333333333,"1b","1b","1b","1b","1b","1b","1b"
2019-06-23,0.560151515151515,0.424848484848485,0.399636363636364,0.393757575757576,0.37369696969697,0.343939393939394,0.357151515151515,"1b","1b","1b","1b","1b","1b","1b"
2019-06-23 01:00:00,0.601683333333333,0.5235,0.482583333333333,0.466166666666667,0.436616666666667,0.4262,0.422433333333333,"1b","1b","1b","1b","1b","1b","1b"
2019-06-23 02:00:00,0.688716666666667,0.618616666666667,0.564633333333333,0.542216666666667,0.508266666666667,0.48605,0.484333333333333,"1b","1b","1b","1b","1b","1b","1b"
2019-06-23 03:00:00,0.66255,0.630066666666667,0.584616666666667,0.567233333333333,0.535716666666667,0.516033333333333,0.515866666666667,"1b","1b","1b","1b","1b","1b","1b"
2019-06-23 04:00:00,0.733566666666667,0.721483333333333,0.67295,0.655266666666667,0.620666666666667,0.600516666666667,0.600433333333333,"1b","1b","1b","1b","1b","1b","1b"
2019-06-23 05:00:00,0.661683333333333,0.656933333333333,0.61585,0.603116666666667,0.570983333333333,0.558383333333333,0.556683333333333,"1b","1b","1b","1b","1b","1b","1b"
2019-06-23 06:00:00,0.59005,0.61745,0.59345,0.592083333333333,0.5721,0.581216666666667,0.586183333333333,"1b","1b","1b","1b","1b","1b","1b"
2019-06-23 07:00:00,0.484866666666667,0.5095,0.490966666666667,0.49015,0.473516666666667,0.479916666666667,0.481716666666667,"1b","1b","1b","1b","1b","1b","1b"
2019-06-23 08:00:00,0.524066666666667,0.54505,0.525383333333333,0.524583333333333,0.5039,0.5047,0.506116666666667,"1b","1b","1b","1b","1b","1b","1b"
2019-06-23 09:00:00,0.5986,0.609783333333333,0.587283333333333,0.58575,0.563683333333333,0.5592,0.563616666666667,"1b","1b","1b","1b","1b","1b","1b"
2019-06-23 10:00:00,0.719016666666667,0.736333333333333,0.712616666666667,0.7127,0.684716666666667,0.68105,0.6838,"1b","1b","1b","1b","1b","1b","1b"
2019-06-23 11:00:00,0.780716666666667,0.790366666666667,0.76315,0.761616666666667,0.73025,0.726833333333333,0.73115,"1b","1b","1b","1b","1b","1b","1b"
2019-06-23 12:00:00,0.754283333333333,0.7592,0.7311,0.728616666666667,0.69665,0.696,0.698883333333333,"1b","1b","1b","1b","1b","1b","1b"
2019-06-23 13:00:00,0.74495,0.749433333333333,0.722366666666667,0.720783333333333,0.68675,0.687583333333333,0.6901,"1b","1b","1b","1b","1b","1b","1b"
2019-06-23 14:00:00,0.74775,0.749116666666667,0.721016666666667,0.7184,0.685566666666667,0.684783333333333,0.687816666666667,"1b","1b","1b","1b","1b","1b","1b"
2019-06-23 15:00:00,0.7828,0.785533333333333,0.758416666666667,0.7573,0.72295,0.727016666666667,0.73165,"1b","1b","1b","1b","1b","1b","1b"
2019-06-23 16:00:00,0.859916666666667,0.857416666666667,0.825616666666667,0.821433333333333,0.785233333333333,0.789933333333333,0.796333333333333,"1b","1b","1b","1b","1b","1b","1b"
2019-06-23 17:00:00,0.795733333333333,0.778566666666667,0.74445,0.7368,0.698733333333333,0.694716666666667,0.700833333333333,"1b","1b","1b","1b","1b","1b","1b"
2019-06-23 18:00:00,0.878783333333333,0.8593,0.818833333333333,0.809433333333333,0.766533333333333,0.759316666666667,0.76465,"1b","1b","1b","1b","1b","1b","1b"
2019-06-23 19:00:00,0.91085,0.881733333333333,0.838583333333333,0.824316666666667,0.776866666666667,0.76625,0.773,"1b","1b","1b","1b","1b","1b","1b"
2019-06-23 20:00:00,0.840833333333333,0.812466666666667,0.770083333333333,0.756933333333333,0.713333333333333,0.702316666666667,0.7063,"1b","1b","1b","1b","1b","1b","1b"
2019-06-23 21:00:00,0.809933333333333,0.786616666666667,0.74855,0.73625,0.693933333333333,0.6848,0.689516666666667,"1b","1b","1b","1b","1b","1b","1b"
2019-06-23 22:00:00,0.817416666666667,0.79235,0.7537,0.74295,0.699233333333333,0.6934,0.699416666666667,"1b","1b","1b","1b","1b","1b","1b"
2019-06-23 23:00:00,0.735016666666667,0.72095,0.687816666666667,0.677883333333333,0.63995,0.635183333333333,0.638616666666667,"1b","1b","1b","1b","1b","1b","1b"
2019-06-24,0.618883333333333,0.60825,0.583116666666667,0.576816666666667,0.545283333333333,0.545016666666667,0.5495,"1b","1b","1b","1b","1b","1b","1b"
2019-06-24 01:00:00,0.558016666666667,0.553783333333333,0.534,0.53135,0.503083333333333,0.511016666666667,0.51375,"1b","1b","1b","1b","1b","1b","1b"
2019-06-24 02:00:00,0.55635,0.5621,0.546516666666667,0.546466666666667,0.521116666666667,0.5383,0.542,"1b","1b","1b","1b","1b","1b","1b"
2019-06-24 03:00:00,0.574303571428571,0.483071428571429,0.469946428571429,0.474321428571429,0.458910714285714,0.459267857142857,0.468321428571429,"1b","1b","1b","1b","1b","1b","1b"
2019-06-24 04:00:00,0.6157,0.573566666666667,0.551516666666667,0.551016666666667,0.533583333333333,0.5394,0.542783333333333,"1b","1b","1b","1b","1b","1b","1b"
2019-06-24 05:00:00,0.769433333333333,0.771433333333333,0.73985,0.737416666666667,0.714833333333333,0.72055,0.7255,"1b","1b","1b","1b","1b","1b","1b"
2019-06-24 06:00:00,0.969133333333333,0.989533333333333,0.947916666666667,0.94315,0.912866666666667,0.918883333333333,0.927383333333333,"1b","1b","1b","1b","1b","1b","1b"
2019-06-24 07:00:00,1.2873,1.338,1.28001666666667,1.26971666666667,1.22321666666667,1.22566666666667,1.23261666666667,"1b","1b","1b","1b","1b","1b","1b"
2019-06-24 08:00:00,1.68366666666667,1.75595,1.6852,1.6745,1.61181666666667,1.61145,1.624,"1b","1b","1b","1b","1b","1b","1b"
2019-06-24 09:00:00,2.16338333333333,2.23178333333333,2.14353333333333,2.12676666666667,2.03848333333333,2.02773333333333,2.04786666666667,"1b","1b","1b","1b","1b","1b","1b"
2019-06-24 10:00:00,2.10693333333333,2.1668,2.08673333333333,2.0707,1.98166666666667,1.97358333333333,1.99478333333333,"1b","1b","1b","1b","1b","1b","1b"
2019-06-24 11:00:00,1.96885,1.99963333333333,1.92213333333333,1.9059,1.81725,1.80691666666667,1.82745,"1b","1b","1b","1b","1b","1b","1b"
2019-06-24 12:00:00,2.93603333333333,2.92226666666667,2.79508333333333,2.75605,2.61701666666667,2.59045,2.6182,"1b","1b","1b","1b","1b","1b","1b"
2019-06-24 13:00:00,3.04413333333333,3.05763333333333,2.92745,2.88741666666667,2.74168333333333,2.72121666666667,2.75431666666667,"1b","1b","1b","1b","1b","1b","1b"
2019-06-24 14:00:00,2.7223,2.72565,2.61481666666667,2.5821,2.45675,2.43,2.46771666666667,"1b","1b","1b","1b","1b","1b","1b"
2019-06-24 15:00:00,1.72219642857143,1.65435714285714,1.57939285714286,1.56444642857143,1.49880357142857,1.46926785714286,1.47914285714286,"1b","1b","1b","1b","1b","1b","1b"
2019-06-24 16:00:00,1.60186666666667,1.60735,1.52943333333333,1.50981666666667,1.4458,1.41851666666667,1.41783333333333,"1b","1b","1b","1b","1b","1b","1b"
2019-06-24 17:00:00,1.47951666666667,1.49843333333333,1.42828333333333,1.4125,1.35223333333333,1.32641666666667,1.32743333333333,"1b","1b","1b","1b","1b","1b","1b"
2019-06-24 18:00:00,1.41948333333333,1.46353333333333,1.40623333333333,1.3962,1.34003333333333,1.32295,1.32555,"1b","1b","1b","1b","1b","1b","1b"
2019-06-24 19:00:00,1.48668333333333,1.52888333333333,1.47311666666667,1.46315,1.40276666666667,1.3904,1.39458333333333,"1b","1b","1b","1b","1b","1b","1b"
2019-06-24 20:00:00,1.79478333333333,1.797,1.7202,1.70151666666667,1.6229,1.60073333333333,1.60918333333333,"1b","1b","1b","1b","1b","1b","1b"
2019-06-24 21:00:00,1.57528333333333,1.55761666666667,1.48096666666667,1.45573333333333,1.37951666666667,1.35261666666667,1.35893333333333,"1b","1b","1b","1b","1b","1b","1b"
2019-06-24 22:00:00,2.27221666666667,2.29911666666667,2.20938333333333,2.18866666666667,2.08961666666667,2.08325,2.10466666666667,"1b","1b","1b","1b","1b","1b","1b"
2019-06-24 23:00:00,2.11901666666667,2.21078333333333,2.15926666666667,2.165,2.0884,2.11883333333333,2.14678333333333,"1b","1b","1b","1b","1b","1b","1b"
2019-06-25,1.71515,1.78303333333333,1.74051666666667,1.74251666666667,1.67556666666667,1.6929,1.71313333333333,"1b","1b","1b","1b","1b","1b","1b"
2019-06-25 01:00:00,1.20143333333333,1.20806666666667,1.16273333333333,1.15081666666667,1.09553333333333,1.089,1.09881666666667,"1b","1b","1b","1b","1b","1b","1b"
2019-06-25 02:00:00,1.06401666666667,1.0714,1.03041666666667,1.01943333333333,0.967566666666667,0.9599,0.967416666666667,"1b","1b","1b","1b","1b","1b","1b"
2019-06-25 03:00:00,1.0863,1.09498333333333,1.0529,1.03916666666667,0.986916666666667,0.9778,0.98515,"1b","1b","1b","1b","1b","1b","1b"
2019-06-25 04:00:00,1.53541071428571,1.44517857142857,1.37803571428571,1.36489285714286,1.31058928571429,1.28539285714286,1.29308928571429,"1b","1b","1b","1b","1b","1b","1b"
2019-06-25 05:00:00,1.83913333333333,1.85861666666667,1.77505,1.76146666666667,1.69633333333333,1.6845,1.69096666666667,"1b","1b","1b","1b","1b","1b","1b"
2019-06-25 06:00:00,1.79248333333333,1.86306666666667,1.7897,1.77958333333333,1.71616666666667,1.7135,1.72145,"1b","1b","1b","1b","1b","1b","1b"
2019-06-25 07:00:00,1.66765,1.727,1.64883333333333,1.62953333333333,1.5571,1.53843333333333,1.54465,"1b","1b","1b","1b","1b","1b","1b"
2019-06-25 08:00:00,1.30523333333333,1.33181666666667,1.25823333333333,1.23203333333333,1.16471666666667,1.13381666666667,1.13691666666667,"1b","1b","1b","1b","1b","1b","1b"
2019-06-25 09:00:00,1.31428333333333,1.335,1.26361666666667,1.2351,1.16943333333333,1.1479,1.15451666666667,"1b","1b","1b","1b","1b","1b","1b"
2019-06-25 10:00:00,1.18135,1.20511666666667,1.14055,1.11826666666667,1.05525,1.03541666666667,1.04145,"1b","1b","1b","1b","1b","1b","1b"
2019-06-25 11:00:00,1.04368333333333,1.05708333333333,1.00141666666667,0.979983333333333,0.922766666666667,0.903733333333333,0.909466666666667,"1b","1b","1b","1b","1b","1b","1b"
2019-06-25 12:00:00,0.879966666666667,0.888816666666667,0.839633333333333,0.820666666666667,0.77135,0.75495,0.759316666666667,"1b","1b","1b","1b","1b","1b","1b"
2019-06-25 13:00:00,0.861216666666667,0.86565,0.818833333333333,0.798233333333333,0.750766666666667,0.73165,0.7379,"1b","1b","1b","1b","1b","1b","1b"
2019-06-25 14:00:00,0.920883333333333,0.930766666666667,0.880066666666667,0.85895,0.8067,0.788116666666667,0.794633333333333,"1b","1b","1b","1b","1b","1b","1b"
2019-06-25 15:00:00,0.8707,0.8792,0.832066666666667,0.812983333333333,0.762866666666667,0.744116666666667,0.749333333333333,"1b","1b","1b","1b","1b","1b","1b"
2019-06-25 16:00:00,0.983366666666667,0.990466666666667,0.939166666666667,0.91745,0.860883333333333,0.843216666666667,0.849683333333333,"1b","1b","1b","1b","1b","1b","1b"
2019-06-25 17:00:00,0.953916666666667,0.958366666666667,0.90835,0.88625,0.831133333333333,0.815166666666667,0.822066666666667,"1b","1b","1b","1b","1b","1b","1b"
2019-06-25 18:00:00,1.03543333333333,1.0511,0.9992,0.981166666666667,0.922516666666667,0.915216666666667,0.922333333333333,"1b","1b","1b","1b","1b","1b","1b"
2019-06-25 19:00:00,0.914,0.9277,0.886233333333333,0.869933333333333,0.815233333333333,0.812416666666667,0.817683333333333,"1b","1b","1b","1b","1b","1b","1b"
2019-06-25 20:00:00,0.770066666666667,0.779916666666667,0.740733333333333,0.726633333333333,0.680066666666667,0.679183333333333,0.681516666666667,"1b","1b","1b","1b","1b","1b","1b"
2019-06-25 21:00:00,0.640783333333333,0.6444,0.612816666666667,0.599516666666667,0.56515,0.554383333333333,0.561783333333333,"1b","1b","1b","1b","1b","1b","1b"
2019-06-25 22:00:00,0.580216666666667,0.59415,0.568416666666667,0.55775,0.52535,0.524133333333333,0.52815,"1b","1b","1b","1b","1b","1b","1b"
2019-06-25 23:00:00,0.457571428571429,0.408160714285714,0.391089285714286,0.386964285714286,0.366714285714286,0.354928571428571,0.361821428571429,"1b","1b","1b","1b","1b","1b","1b"
2019-06-26,0.475566666666667,0.40035,0.372516666666667,0.365233333333333,0.346183333333333,0.337616666666667,0.335716666666667,"1b","1b","1b","1b","1b","1b","1b"
2019-06-26 01:00:00,0.3157,0.297033333333333,0.277966666666667,0.2722,0.260766666666667,0.254066666666667,0.255683333333333,"1b","1b","1b","1b","1b","1b","1b"
2019-06-26 02:00:00,0.21255,0.208333333333333,0.196516666666667,0.194083333333333,0.1862,0.183866666666667,0.184666666666667,"1b","1b","1b","1b","1b","1b","1b"
2019-06-26 03:00:00,0.218816666666667,0.219466666666667,0.207766666666667,0.2042,0.19605,0.19655,0.196716666666667,"1b","1b","1b","1b","1b","1b","1b"
2019-06-26 04:00:00,0.286783333333333,0.2917,0.276566666666667,0.272716666666667,0.261983333333333,0.2642,0.266016666666667,"1b","1b","1b","1b","1b","1b","1b"
2019-06-26 05:00:00,0.331466666666667,0.340533333333333,0.323316666666667,0.319066666666667,0.3084,0.308366666666667,0.311383333333333,"1b","1b","1b","1b","1b","1b","1b"
2019-06-26 06:00:00,0.43915,0.459783333333333,0.4385,0.43435,0.41835,0.423833333333333,0.4271,"1b","1b","1b","1b","1b","1b","1b"
2019-06-26 07:00:00,0.8431,0.879033333333333,0.834083333333333,0.82305,0.79125,0.786016666666667,0.792533333333333,"1b","1b","1b","1b","1b","1b","1b"
2019-06-26 08:00:00,0.840133333333333,0.86605,0.81895,0.803983333333333,0.77125,0.774116666666667,0.779833333333333,"1b","1b","1b","1b","1b","1b","1b"
2019-06-26 09:00:00,0.6633,0.689883333333333,0.655383333333333,0.64765,0.6208,0.621333333333333,0.6257,"1b","1b","1b","1b","1b","1b","1b"
2019-06-26 10:00:00,0.6588,0.676066666666667,0.645333333333333,0.637683333333333,0.61235,0.6099,0.615233333333333,"1b","1b","1b","1b","1b","1b","1b"
2019-06-26 11:00:00,0.66965,0.6768,0.64345,0.634533333333333,0.606233333333333,0.603683333333333,0.607566666666667,"1b","1b","1b","1b","1b","1b","1b"
2019-06-26 12:00:00,0.6598,0.663716666666667,0.633216666666667,0.626933333333333,0.600733333333333,0.59195,0.597366666666667,"1b","1b","1b","1b","1b","1b","1b"
2019-06-26 13:00:00,0.819816666666667,0.832283333333333,0.798383333333333,0.790533333333333,0.760683333333333,0.75205,0.761733333333333,"1b","1b","1b","1b","1b","1b","1b"
2019-06-26 14:00:00,0.860366666666667,0.87255,0.836966666666667,0.8303,0.797366666666667,0.789766666666667,0.800933333333333,"1b","1b","1b","1b","1b","1b","1b"
2019-06-26 15:00:00,0.862033333333333,0.87185,0.834633333333333,0.82555,0.789716666666667,0.782016666666667,0.791933333333333,"1b","1b","1b","1b","1b","1b","1b"
2019-06-26 16:00:00,0.769333333333333,0.780866666666667,0.748683333333333,0.74095,0.708383333333333,0.701966666666667,0.710233333333333,"1b","1b","1b","1b","1b","1b","1b"
2019-06-26 17:00:00,0.63975,0.643383333333333,0.6155,0.608116666666667,0.5781,0.572066666666667,0.57775,"1b","1b","1b","1b","1b","1b","1b"
2019-06-26 18:00:00,0.561783333333333,0.5714,0.5471,0.5411,0.513983333333333,0.510666666666667,0.5155,"1b","1b","1b","1b","1b","1b","1b"
2019-06-26 19:00:00,0.471666666666667,0.476416666666667,0.4547,0.447133333333333,0.421933333333333,0.422916666666667,0.424133333333333,"1b","1b","1b","1b","1b","1b","1b"
2019-06-26 20:00:00,0.364216666666667,0.3652,0.348283333333333,0.344316666666667,0.324416666666667,0.3222,0.32385,"1b","1b","1b","1b","1b","1b","1b"
2019-06-26 21:00:00,0.301116666666667,0.301583333333333,0.288166666666667,0.283483333333333,0.268266666666667,0.267716666666667,0.269166666666667,"1b","1b","1b","1b","1b","1b","1b"
2019-06-26 22:00:00,0.273866666666667,0.272266666666667,0.261033333333333,0.257933333333333,0.244316666666667,0.244083333333333,0.246066666666667,"1b","1b","1b","1b","1b","1b","1b"
2019-06-26 23:00:00,0.2397,0.241933333333333,0.232016666666667,0.229933333333333,0.219033333333333,0.220116666666667,0.222183333333333,"1b","1b","1b","1b","1b","1b","1b"
2019-06-27,0.195483333333333,0.19205,0.184733333333333,0.182616666666667,0.17185,0.170833333333333,0.172216666666667,"1b","1b","1b","1b","1b","1b","1b"
2019-06-27 01:00:00,0.2061,0.200633333333333,0.1912,0.188833333333333,0.180116666666667,0.177066666666667,0.17975,"1b","1b","1b","1b","1b","1b","1b"
2019-06-27 02:00:00,0.191566666666667,0.185283333333333,0.17775,0.175416666666667,0.167283333333333,0.1635,0.1665,"1b","1b","1b","1b","1b","1b","1b"
2019-06-27 03:00:00,0.2315,0.22795,0.218233333333333,0.215116666666667,0.206816666666667,0.203516666666667,0.207633333333333,"1b","1b","1b","1b","1b","1b","1b"
2019-06-27 04:00:00,0.2257,0.231316666666667,0.2235,0.22135,0.21075,0.2122,0.214933333333333,"1b","1b","1b","1b","1b","1b","1b"
2019-06-27 05:00:00,0.272333333333333,0.275083333333333,0.263616666666667,0.26045,0.2472,0.2522,0.255016666666667,"1b","1b","1b","1b","1b","1b","1b"
2019-06-27 06:00:00,0.358783333333333,0.359066666666667,0.343833333333333,0.338916666666667,0.3213,0.323383333333333,0.32765,"1b","1b","1b","1b","1b","1b","1b"
2019-06-27 07:00:00,0.43585,0.4406,0.418783333333333,0.41285,0.392033333333333,0.389583333333333,0.3959,"1b","1b","1b","1b","1b","1b","1b"
2019-06-27 08:00:00,0.534966666666667,0.537916666666667,0.512033333333333,0.502866666666667,0.47325,0.482,0.486813559322034,"1b","1b","1b","1b","1b","1b","1b"
2019-06-27 09:00:00,0.59515,0.600433333333333,0.572033333333333,0.56385,0.535,0.5302,0.53745,"1b","1b","1b","1b","1b","1b","1b"
2019-06-27 10:00:00,0.503,0.49635593220339,0.472372881355932,0.462627118644068,0.439864406779661,0.427864406779661,0.445103448275862,"1b","1b","1b","1b","1b","1b","1b"
2019-06-27 11:00:00,0.51455,0.507083333333333,0.481666666666667,0.47155,0.446933333333333,0.460017543859649,0.477357142857143,"1b","1b","1b","1b","1b","1b","1b"
2019-06-27 12:00:00,0.489916666666667,0.485466666666667,0.462,0.45335,0.430816666666667,0.436931034482759,0.436271186440678,"1b","1b","1b","1b","1b","1b","1b"
2019-06-27 13:00:00,0.579016666666667,0.574166666666667,0.547933333333333,0.539383333333333,0.519915254237288,0.528684210526316,0.528465517241379,"1b","1b","1b","1b","1b","1b","1b"
2019-06-27 14:00:00,0.599133333333333,0.590116666666667,0.563283333333333,0.551933333333333,0.523383333333333,0.522016949152542,0.528830508474576,"1b","1b","1b","1b","1b","1b","1b"
2019-06-27 15:00:00,0.506864406779661,0.499881355932203,0.483655172413793,0.476224137931034,0.451275862068966,0.454859649122807,0.462649122807018,"1b","1b","1b","1b","1b","1b","1b"
2019-06-27 16:00:00,0.435553571428571,0.405728813559322,0.399491228070175,0.406563636363636,0.385018181818182,0.381927272727273,0.387472727272727,"1b","1b","1b","1b","1b","1b","1b"
2019-06-27 17:00:00,0.395283333333333,0.392766666666667,0.375733333333333,0.37005,0.353783333333333,0.344383333333333,0.351983333333333,"1b","1b","1b","1b","1b","1b","1b"
2019-06-27 18:00:00,0.453625,0.404446428571429,0.388642857142857,0.385696428571429,0.371,0.362053571428571,0.371910714285714,"1b","1b","1b","1b","1b","1b","1b"
2019-06-27 19:00:00,0.597633333333333,0.516033333333333,0.482733333333333,0.475183333333333,0.456816666666667,0.455383333333333,0.458033333333333,"1b","1b","1b","1b","1b","1b","1b"
2019-06-27 20:00:00,0.576383333333333,0.565633333333333,0.53275,0.525533333333333,0.50385,0.501233333333333,0.503466666666667,"1b","1b","1b","1b","1b","1b","1b"
2019-06-27 21:00:00,0.5012,0.48475,0.453066666666667,0.443666666666667,0.422216666666667,0.422466666666667,0.421066666666667,"1b","1b","1b","1b","1b","1b","1b"
2019-06-27 22:00:00,0.448366666666667,0.438616666666667,0.412533333333333,0.40575,0.385866666666667,0.38535,0.384483333333333,"1b","1b","1b","1b","1b","1b","1b"
2019-06-27 23:00:00,0.403766666666667,0.3957,0.37535,0.37045,0.3546,0.354216666666667,0.3543,"1b","1b","1b","1b","1b","1b","1b"
2019-06-28,0.297283333333333,0.292816666666667,0.278233333333333,0.2753,0.264616666666667,0.262833333333333,0.263483333333333,"1b","1b","1b","1b","1b","1b","1b"
2019-06-28 01:00:00,0.225766666666667,0.228,0.219183333333333,0.219033333333333,0.211416666666667,0.20895,0.210666666666667,"1b","1b","1b","1b","1b","1b","1b"
2019-06-28 02:00:00,0.1678,0.170633333333333,0.16455,0.163683333333333,0.1587,0.157833333333333,0.158566666666667,"1b","1b","1b","1b","1b","1b","1b"
2019-06-28 03:00:00,0.1723,0.179183333333333,0.173966666666667,0.174866666666667,0.17135,0.177516666666667,0.180016666666667,"1b","1b","1b","1b","1b","1b","1b"
2019-06-28 04:00:00,0.209983333333333,0.213616666666667,0.206366666666667,0.206983333333333,0.201066666666667,0.203266666666667,0.206983333333333,"1b","1b","1b","1b","1b","1b","1b"
2019-06-28 05:00:00,0.2078,0.215483333333333,0.206816666666667,0.206133333333333,0.200066666666667,0.198533333333333,0.200966666666667,"1b","1b","1b","1b","1b","1b","1b"
2019-06-28 06:00:00,0.283016666666667,0.291466666666667,0.27915,0.277483333333333,0.267583333333333,0.268683333333333,0.270033333333333,"1b","1b","1b","1b","1b","1b","1b"
2019-06-28 07:00:00,0.3346,0.344133333333333,0.327516666666667,0.324533333333333,0.3109,0.311483333333333,0.312383333333333,"1b","1b","1b","1b","1b","1b","1b"
2019-06-28 08:00:00,0.39765,0.403916666666667,0.385766666666667,0.382866666666667,0.367416666666667,0.3688,0.37165,"1b","1b","1b","1b","1b","1b","1b"
2019-06-28 09:00:00,0.4596,0.46465,0.4435,0.439866666666667,0.423716666666667,0.422816666666667,0.42645,"1b","1b","1b","1b","1b","1b","1b"
2019-06-28 10:00:00,0.5255,0.519533333333333,0.495433333333333,0.491083333333333,0.472416666666667,0.470433333333333,0.476283333333333,"1b","1b","1b","1b","1b","1b","1b"
2019-06-28 11:00:00,0.5235,0.5213,0.4968,0.490383333333333,0.471216666666667,0.466716666666667,0.472483333333333,"1b","1b","1b","1b","1b","1b","1b"
2019-06-28 12:00:00,0.54535,0.5395,0.512533333333333,0.50585,0.48355,0.480083333333333,0.48585,"1b","1b","1b","1b","1b","1b","1b"
2019-06-28 13:00:00,0.5182,0.513683333333333,0.488733333333333,0.48205,0.460083333333333,0.477448275862069,0.481603448275862,"1b","1b","1b","1b","1b","1b","1b"
2019-06-28 14:00:00,0.5501,0.5478,0.52195,0.515466666666667,0.49345,0.497271186440678,0.502966101694915,"1b","1b","1b","1b","1b","1b","1b"
2019-06-28 15:00:00,0.653483333333333,0.647633333333333,0.6155,0.6056,0.576666666666667,0.5671,0.574266666666667,"1b","1b","1b","1b","1b","1b","1b"
2019-06-28 16:00:00,0.556610169491525,0.543266666666667,0.51705,0.518389830508475,0.494830508474576,0.500155172413793,0.505448275862069,"1b","1b","1b","1b","1b","1b","1b"
2019-06-28 17:00:00,0.525333333333333,0.521066666666667,0.4959,0.489183333333333,0.46625,0.461083333333333,0.467116666666667,"1b","1b","1b","1b","1b","1b","1b"
2019-06-28 18:00:00,0.540666666666667,0.539,0.514866666666667,0.509116666666667,0.48805,0.487333333333333,0.494216666666667,"1b","1b","1b","1b","1b","1b","1b"
2019-06-28 19:00:00,0.667233333333333,0.6653,0.634833333333333,0.629,0.6013,0.60205,0.609883333333333,"1b","1b","1b","1b","1b","1b","1b"
2019-06-28 20:00:00,0.665216666666667,0.654766666666667,0.621783333333333,0.612816666666667,0.5832,0.581483333333333,0.587066666666667,"1b","1b","1b","1b","1b","1b","1b"
2019-06-28 21:00:00,0.851166666666667,0.837916666666667,0.795966666666667,0.782383333333333,0.743183333333333,0.73905,0.746916666666667,"1b","1b","1b","1b","1b","1b","1b"
2019-06-28 22:00:00,0.652733333333333,0.648333333333333,0.6153,0.605516666666667,0.5757,0.5744,0.5812,"1b","1b","1b","1b","1b","1b","1b"
2019-06-28 23:00:00,0.599533333333333,0.590816666666667,0.55885,0.549783333333333,0.520216666666667,0.520333333333333,0.525333333333333,"1b","1b","1b","1b","1b","1b","1b"
2019-06-29,0.566266666666667,0.552383333333333,0.5225,0.512583333333333,0.484466666666667,0.485483333333333,0.48965,"1b","1b","1b","1b","1b","1b","1b"
2019-06-29 01:00:00,0.54525,0.53875,0.510533333333333,0.501783333333333,0.4727,0.479583333333333,0.483066666666667,"1b","1b","1b","1b","1b","1b","1b"
2019-06-29 02:00:00,0.571066666666667,0.564616666666667,0.535166666666667,0.52735,0.500483333333333,0.502733333333333,0.507916666666667,"1b","1b","1b","1b","1b","1b","1b"
2019-06-29 03:00:00,0.60885,0.603733333333333,0.5738,0.564133333333333,0.533866666666667,0.538116666666667,0.542983333333333,"1b","1b","1b","1b","1b","1b","1b"
2019-06-29 04:00:00,0.582166666666667,0.585083333333333,0.558483333333333,0.551133333333333,0.526033333333333,0.529816666666667,0.537283333333333,"1b","1b","1b","1b","1b","1b","1b"
2019-06-29 05:00:00,0.633633333333333,0.644816666666667,0.617416666666667,0.611933333333333,0.58265,0.595133333333333,0.600166666666667,"1b","1b","1b","1b","1b","1b","1b"
2019-06-29 06:00:00,0.676183333333333,0.6919,0.662716666666667,0.6575,0.628233333333333,0.637233333333333,0.64545,"1b","1b","1b","1b","1b","1b","1b"
2019-06-29 07:00:00,0.764517857142857,0.695589285714286,0.665357142857143,0.661071428571429,0.635089285714286,0.649454545454546,0.660927272727273,"1b","1b","1b","1b","1b","1b","1b"
2019-06-29 08:00:00,0.831633333333333,0.772366666666667,0.7266,0.71575,0.685533333333333,0.67915,0.682283333333333,"1b","1b","1b","1b","1b","1b","1b"
2019-06-29 09:00:00,0.9191,0.905216666666667,0.8515,0.83635,0.800516666666667,0.78475,0.788316666666667,"1b","1b","1b","1b","1b","1b","1b"
2019-06-29 10:00:00,1.12728333333333,1.11141666666667,1.04038333333333,1.0171,0.967633333333333,0.934933333333333,0.938216666666667,"1b","1b","1b","1b","1b","1b","1b"
2019-06-29 11:00:00,1.08058333333333,1.069,1.0052,0.9835,0.93635,0.899583333333333,0.900866666666667,"1b","1b","1b","1b","1b","1b","1b"
2019-06-29 12:00:00,0.9591,0.965783333333333,0.917716666666667,0.90395,0.863966666666667,0.843423728813559,0.849508474576271,"1b","1b","1b","1b","1b","1b","1b"
2019-06-29 13:00:00,0.9523,0.9572,0.91195,0.8989,0.857983333333333,0.818916666666667,0.826333333333333,"1b","1b","1b","1b","1b","1b","1b"
2019-06-29 14:00:00,0.954766666666667,0.95295,0.908766666666667,0.895416666666667,0.85635,0.817133333333333,0.827616666666667,"1b","1b","1b","1b","1b","1b","1b"
2019-06-29 15:00:00,0.905583333333333,0.89385,0.851283333333333,0.838883333333333,0.802816666666667,0.781406779661017,0.794762711864407,"1b","1b","1b","1b","1b","1b","1b"
2019-06-29 16:00:00,0.721983333333333,0.703116666666667,0.666316666666667,0.652933333333333,0.6221,0.609689655172414,0.61898275862069,"1b","1b","1b","1b","1b","1b","1b"
2019-06-29 17:00:00,0.643216666666667,0.6261,0.592183333333333,0.579016666666667,0.550533333333333,0.533525423728814,0.544389830508475,"1b","1b","1b","1b","1b","1b","1b"
2019-06-29 18:00:00,0.881466666666667,0.859816666666667,0.816533333333333,0.801383333333333,0.761333333333333,0.7438,0.754033333333333,"1b","1b","1b","1b","1b","1b","1b"
2019-06-29 19:00:00,1.43723333333333,1.46013333333333,1.41118333333333,1.40483333333333,1.34921666666667,1.34928333333333,1.3757,"1b","1b","1b","1b","1b","1b","1b"
2019-06-29 20:00:00,1.00925,0.996733333333333,0.9509,0.936166666666667,0.884233333333333,0.87445,0.889733333333333,"1b","1b","1b","1b","1b","1b","1b"
2019-06-29 21:00:00,0.878633333333333,0.858483333333333,0.8182,0.805716666666667,0.7614,0.756866666666667,0.769816666666667,"1b","1b","1b","1b","1b","1b","1b"
2019-06-29 22:00:00,0.659783333333333,0.645566666666667,0.6124,0.600783333333333,0.566316666666667,0.55815,0.563183333333333,"1b","1b","1b","1b","1b","1b","1b"
2019-06-29 23:00:00,0.362816666666667,0.344333333333333,0.322716666666667,0.31445,0.292516666666667,0.28495,0.287633333333333,"1b","1b","1b","1b","1b","1b","1b"
2019-06-30,0.443545454545455,0.345151515151515,0.338333333333333,0.344727272727273,0.33530303030303,0.31869696969697,0.332151515151515,"1b","1b","1b","1b","1b","1b","1b"
2019-06-30 01:00:00,0.256366666666667,0.220483333333333,0.211766666666667,0.210216666666667,0.197983333333333,0.210333333333333,0.2054,"1b","1b","1b","1b","1b","1b","1b"
2019-06-30 02:00:00,0.129633333333333,0.1196,0.114,0.113183333333333,0.105883333333333,0.112766666666667,0.10845,"1b","1b","1b","1b","1b","1b","1b"
2019-06-30 03:00:00,0.110383333333333,0.10595,0.10095,0.0998666666666667,0.09505,0.0991166666666667,0.0975666666666667,"1b","1b","1b","1b","1b","1b","1b"
2019-06-30 04:00:00,0.136583333333333,0.132133333333333,0.125,0.123516666666667,0.117916666666667,0.117283333333333,0.116833333333333,"1b","1b","1b","1b","1b","1b","1b"
2019-06-30 05:00:00,0.110266666666667,0.1108,0.105383333333333,0.104766666666667,0.0999833333333333,0.102266666666667,0.101866666666667,"1b","1b","1b","1b","1b","1b","1b"
2019-06-30 06:00:00,0.0931864406779661,0.0917,0.0878,0.0876166666666667,0.0855254237288136,0.0901896551724138,0.0902280701754386,"1b","1b","1b","1b","1b","1b","1b"
2019-06-30 07:00:00,0.0822333333333333,0.0812166666666667,0.0779833333333333,0.0793,0.0794237288135593,0.07705,0.0796166666666667,"1b","1b","1b","1b","1b","1b","1b"
2019-06-30 08:00:00,0.0979333333333333,0.100983333333333,0.0986333333333333,0.100033333333333,0.0994333333333333,0.10235593220339,0.106559322033898,"1b","1b","1b","1b","1b","1b","1b"
2019-06-30 09:00:00,0.176,0.1814,0.173416666666667,0.17175,0.167483333333333,0.168423728813559,0.1755,"1b","1b","1b","1b","1b","1b","1b"
2019-06-30 10:00:00,0.151616666666667,0.155983333333333,0.149033333333333,0.14785,0.14195,0.149034482758621,0.154175438596491,"1b","1b","1b","1b","1b","1b","1b"
2019-06-30 11:00:00,0.164766666666667,0.169716666666667,0.161083333333333,0.159983333333333,0.153533333333333,0.166107142857143,0.167142857142857,"1b","1b","1b","1b","1b","1b","1b"
2019-06-30 12:00:00,0.174220338983051,0.1755,0.16775,0.16565,0.163271186440678,0.172771929824561,0.177732142857143,"1b","1b","1b","1b","1b","1b","1b"
2019-06-30 13:00:00,0.205066666666667,0.208316666666667,0.197833333333333,0.19505,0.186933333333333,0.187491525423729,0.185333333333333,"1b","1b","1b","1b","1b","1b","1b"
2019-06-30 14:00:00,0.192516666666667,0.196183333333333,0.186616666666667,0.183516666666667,0.176066666666667,0.175796610169492,0.177101694915254,"1b","1b","1b","1b","1b","1b","1b"
2019-06-30 15:00:00,0.199433333333333,0.20265,0.191816666666667,0.189083333333333,0.180316666666667,0.177433333333333,0.178583333333333,"1b","1b","1b","1b","1b","1b","1b"
2019-06-30 16:00:00,0.239416666666667,0.244933333333333,0.231916666666667,0.228516666666667,0.219116666666667,0.218406779661017,0.219101694915254,"1b","1b","1b","1b","1b","1b","1b"
2019-06-30 17:00:00,0.263416666666667,0.2625,0.24825,0.244166666666667,0.233,0.229183333333333,0.231283333333333,"1b","1b","1b","1b","1b","1b","1b"
2019-06-30 18:00:00,0.288433333333333,0.286883333333333,0.268616666666667,0.26265,0.249083333333333,0.242183333333333,0.242333333333333,"1b","1b","1b","1b","1b","1b","1b"
2019-06-30 19:00:00,0.260516666666667,0.256366666666667,0.23975,0.234283333333333,0.222616666666667,0.217333333333333,0.218233333333333,"1b","1b","1b","1b","1b","1b","1b"
2019-06-30 20:00:00,0.381933333333333,0.378216666666667,0.3541,0.3463,0.328233333333333,0.3196,0.321733333333333,"1b","1b","1b","1b","1b","1b","1b"
2019-06-30 21:00:00,0.358833333333333,0.359866666666667,0.337783333333333,0.33065,0.313816666666667,0.307616666666667,0.308516666666667,"1b","1b","1b","1b","1b","1b","1b"
2019-06-30 22:00:00,0.2292,0.225933333333333,0.213583333333333,0.21035,0.20015,0.195283333333333,0.19585,"1b","1b","1b","1b","1b","1b","1b"
2019-06-30 23:00:00,0.192383333333333,0.18815,0.178166666666667,0.1753,0.165533333333333,0.163233333333333,0.16365,"1b","1b","1b","1b","1b","1b","1b"
